1SPECTRUM OF (Z= 82 A=207) IN PARTICLE-ROTOR  MODEL WITH MODIFIED OSCILLATOR POTENTIAL


 PARITY=-   EPS= 0.458   GAMMA=  0.0   EPS4=0.000   EPS6=0.000   LEVELS:  24  25  26  27  28  29  30  31  32  33  34  35  36  37  38

 PAIRING FACTORS: GN0= 19.20  GN1=  7.40  IPAIR= 15 ***  E2PLUS(INPUT)=   0.730  E2PLUR(INPUT)=   0.000

 CORIOLIS ATTENUATION PARAMETERS:  CHSI=1.000  ETA=  1.00

 MOMENT OF INERTIA PARAMETERS:   A1=  0.122 MEV   A2=  0.122 MEV   A3=121.91924 MEV


 DELTA=0.851 MEV  LAMBDA=53.4657 MEV   HW0= 7.6116 MEV   LAMBDA/HW0= 7.0242

 E2ENERGY=0.730 MEV  HBAR**2/B=38894./A**(7/3)=6575.0/A**2 MEV

 IREC=0  =>  RECOIL TERMS j+j-, j+j+, jzjz, ETC TREATED AS ONE-BODY OPERATORS WITH UU+VV PAIRING FACTORS



 S. P. LEVEL   EQP       U     V        (UU + VV)**1.00

     24       4.542    0.094 0.996      1.000 1.000 0.999 0.997 0.994 0.982 0.959 0.863 0.742 0.663 0.342 0.308 0.277 0.261 0.242
     25       4.188    0.102 0.995      1.000 1.000 0.999 0.998 0.995 0.984 0.961 0.867 0.748 0.669 0.349 0.316 0.284 0.269 0.250
     26       3.064    0.140 0.990      0.999 0.999 1.000 1.000 0.998 0.990 0.971 0.886 0.773 0.697 0.385 0.352 0.321 0.305 0.287
     27       2.597    0.166 0.986      0.997 0.998 1.000 1.000 0.999 0.993 0.977 0.898 0.789 0.716 0.409 0.377 0.346 0.330 0.312
     28       2.118    0.205 0.979      0.994 0.995 0.998 0.999 1.000 0.997 0.985 0.914 0.813 0.743 0.445 0.413 0.383 0.367 0.350
     29       1.590    0.279 0.960      0.982 0.984 0.990 0.993 0.997 1.000 0.995 0.942 0.855 0.791 0.511 0.481 0.451 0.437 0.419
     30       1.233    0.372 0.928      0.959 0.961 0.971 0.977 0.985 0.995 1.000 0.971 0.901 0.848 0.593 0.565 0.537 0.523 0.507
     31       0.897    0.584 0.812      0.863 0.867 0.886 0.898 0.914 0.942 0.971 1.000 0.979 0.950 0.769 0.746 0.724 0.712 0.699
     32       0.854    0.737 0.676      0.742 0.748 0.773 0.789 0.813 0.855 0.901 0.979 1.000 0.994 0.883 0.866 0.849 0.840 0.830
     33       0.893    0.808 0.590      0.663 0.669 0.697 0.716 0.743 0.791 0.848 0.950 0.994 1.000 0.930 0.917 0.903 0.896 0.887
     34       1.745    0.968 0.252      0.342 0.349 0.385 0.409 0.445 0.511 0.593 0.769 0.883 0.930 1.000 0.999 0.998 0.996 0.995
     35       2.002    0.976 0.218      0.308 0.316 0.352 0.377 0.413 0.481 0.565 0.746 0.866 0.917 0.999 1.000 0.999 0.999 0.998
     36       2.341    0.983 0.185      0.277 0.284 0.321 0.346 0.383 0.451 0.537 0.724 0.849 0.903 0.998 0.999 1.000 1.000 0.999
     37       2.555    0.986 0.169      0.261 0.269 0.305 0.330 0.367 0.437 0.523 0.712 0.840 0.896 0.996 0.999 1.000 1.000 1.000
     38       2.870    0.989 0.150      0.242 0.250 0.287 0.312 0.350 0.419 0.507 0.699 0.830 0.887 0.995 0.998 0.999 1.000 1.000

  R CORE   ENERGY   A0R/A00=1.000    R3= 0     2  
   2( 1)    0.732                    1.000 0.000
   2( 2)  487.921                    0.000 1.000

  R CORE   ENERGY   A0R/A00=1.000    R3= 0     2  
   3( 1)  488.652                    0.000 1.000

  R CORE   ENERGY   A0R/A00=1.000    R3= 0     2     4  
   4( 1)    2.438                    1.000 0.000 0.000

  R CORE   ENERGY   A0R/A00=1.000    R3= 0     2     4  
   5( 1)  490.847                    0.000 1.000 0.000

  R CORE   ENERGY   A0R/A00=1.000    R3= 0     2     4     6  
   6( 1)    5.121                    1.000 0.000 0.000 0.000

  R CORE   ENERGY   A0R/A00=1.000    R3= 0     2     4     6  
   7( 1)  494.017                    0.000 1.000 0.000 0.000

          AXIAL SYMMETRY => K RESTRICTED TO OMEGA

                     K
     S.P. ORB#: 24  0.50
     S.P. ORB#: 25  0.50
     S.P. ORB#: 26 -1.50
     S.P. ORB#: 27 -5.50
     S.P. ORB#: 28  2.50
     S.P. ORB#: 29 -3.50
     S.P. ORB#: 30  2.50
     S.P. ORB#: 31  0.50
     S.P. ORB#: 32  0.50
     S.P. ORB#: 33 -1.50
     S.P. ORB#: 34 -3.50
     S.P. ORB#: 35 -3.50
     S.P. ORB#: 36  0.50
     S.P. ORB#: 37  4.50
     S.P. ORB#: 38 -1.50
 

             ENERGY    K= OMEGA
 
 I=  1/2- (1)  2.215  32:-0.999
 
 I=  1/2- (2)  3.560  24: 0.286
                      31:-0.924
                      36: 0.253
 
 I=  1/2- (3)  5.962  25:-0.999
 
 I=  1/2- (4)  6.352  24: 0.218
                      31:-0.194
                      36:-0.956
 
 I=  1/2- (5) 10.638  24: 0.933
                      31: 0.329
                      36: 0.146

             ENERGY    K= OMEGA
 
 I=  3/2- (1)  2.226  32:-0.591
                      33: 0.806
 
 I=  3/2- (2)  2.437  25: 0.164
                      32: 0.796
                      33: 0.583

             ENERGY    K= OMEGA
 
 I=  5/2- (1)  2.611  25: 0.217
                      28:-0.056
                      32:-0.514
                      33:-0.828
 
 I=  5/2- (2)  3.412  25: 0.060
                      28: 0.093
                      32:-0.840
                      33: 0.531
 
 I=  5/2- (3)  3.884  24:-0.246
                      31: 0.848
                      36:-0.402
                      38:-0.242
 
 I=  5/2- (4)  3.929  28:-0.994
                      32:-0.050
                      33: 0.096
 
 I=  5/2- (5)  6.050  24: 0.173
                      26:-0.558
                      30: 0.811

             ENERGY    K= OMEGA
 
 I=  7/2- (1)  2.902  28: 0.193
                      35:-0.979
 
 I=  7/2- (2)  3.442  28: 0.087
                      29: 0.191
                      32: 0.731
                      33:-0.647
 
 I=  7/2- (3)  3.521  28:-0.163
                      29:-0.961
                      32: 0.206
                      33:-0.071
 
 I=  7/2- (4)  3.722  25:-0.287
                      28: 0.061
                      29:-0.097
                      32:-0.613
                      33:-0.726
 
 I=  7/2- (5)  4.349  26:-0.236
                      30:-0.234
                      31:-0.852
                      34:-0.089
                      36:-0.249
                      38:-0.307

             ENERGY    K= OMEGA
 
 I=  9/2- (1)  3.402  28: 0.125
                      29:-0.341
                      35: 0.339
                      37: 0.867
 
 I=  9/2- (2)  3.969  25:-0.136
                      28: 0.241
                      29: 0.178
                      32: 0.215
                      33: 0.318
                      35: 0.811
                      37:-0.294
 
 I=  9/2- (3)  4.056  25: 0.312
                      29: 0.102
                      32:-0.510
                      33:-0.686
                      35: 0.391
                      37:-0.090
 
 I=  9/2- (4)  4.764  28: 0.258
                      29:-0.884
                      32:-0.055
                      37:-0.385
 
 I=  9/2- (5)  4.948  24:-0.182
                      26:-0.089
                      30: 0.152
                      31: 0.790
                      34:-0.076
                      36:-0.452
                      38:-0.320

             ENERGY    K= OMEGA
 
 I= 11/2- (1)  3.934  27:-0.997
                      37:-0.073
 
 I= 11/2- (2)  4.212  24:-0.460
                      26:-0.566
                      30:-0.491
                      31:-0.386
                      34:-0.207
                      36:-0.118
                      38:-0.148
 
 I= 11/2- (3)  4.506  27:-0.078
                      28: 0.171
                      29: 0.412
                      35:-0.383
                      37: 0.805
 
 I= 11/2- (4)  5.278  28:-0.281
                      29: 0.256
                      33: 0.112
                      35: 0.853
                      37: 0.337
 
 I= 11/2- (5)  5.626  25: 0.126
                      32: 0.865
                      33:-0.471
                      35: 0.097

             ENERGY    K= OMEGA
 
 I= 13/2- (1)  5.510  27:-0.984
                      29:-0.072
                      35: 0.054
                      37: 0.154
 
 I= 13/2- (2)  5.865  27: 0.178
                      28: 0.206
                      29:-0.442
                      33: 0.066
                      35: 0.401
                      37: 0.751
 
 I= 13/2- (3)  6.016  24: 0.166
                      26:-0.569
                      30: 0.682
                      31: 0.181
                      34:-0.364
                      36:-0.060
                      38:-0.119
 
 I= 13/2- (4)  6.331  25: 0.420
                      28:-0.080
                      29:-0.054
                      32:-0.550
                      33:-0.704
                      37: 0.117
 
 I= 13/2- (5)  6.826  25: 0.055
                      28: 0.295
                      29: 0.291
                      32:-0.084
                      33:-0.064
                      35: 0.836
                      37:-0.339

             ENERGY     K=-3/2
  32 LEVELS    TIME=  0.0 SEC



 ******************* EXCITATION ENERGIES, DOMINANT CONFIGURATION AND EXPECTATION VALUES (WITH S.P. UU+VV FACTORS) *******************

  NR  Eex(keV)  I   Kdom  NY    <Jz>  <Jx**2> <Jy**2> <Jz**2> <I.j>/|I|  <Rx**2> <Ry**2> <Rz**2> <R.j>/|R|  <HROTx> <HROTy> <HROTz>

   1    0.0   1/2-   1/2  32    0.50    5.19    5.19    0.25    0.16       5.55    5.55    0.00   -3.15      0.677   0.677   0.000
   2   11.3   3/2-  -3/2  33   -0.80    5.18    5.18    1.55    1.19       5.52    5.52    0.00   -2.89      0.673   0.673   0.000
   3  222.2   3/2-   1/2  32   -0.18    5.15    5.15    0.93    0.73       6.07    6.07    0.00   -2.82      0.740   0.740   0.000
   4  396.0   5/2-  -3/2  33   -0.87    5.35    5.35    1.64    1.39       6.44    6.44    0.00   -2.29      0.785   0.785   0.000
   5  687.4   7/2-  -7/2  35   -3.27    2.39    2.39   12.01    3.17       3.68    3.68    0.00   -1.55      0.449   0.449   0.000
  
   6 1187.4   9/2-   9/2  37    2.61    2.92    2.92   18.17    4.05       4.23    4.23   -0.00   -1.33      0.516   0.516  -0.000
   7 1196.8   5/2-   1/2  32   -0.05    5.21    5.21    0.87   -0.11      10.35   10.35    0.00   -2.55      1.262   1.262   0.000
   8 1227.4   7/2-   1/2  32   -0.48    5.20    5.20    1.59    0.88      10.37   10.37    0.00   -1.86      1.265   1.265   0.000
   9 1305.6   7/2-  -7/2  29   -3.16    6.26    6.26   11.52    3.00       7.99    7.99    0.00   -3.04      0.974   0.974   0.000
  10 1345.2   1/2-   1/2  31    0.50    9.64    9.64    0.25    0.95       9.32    9.32   -0.00   -4.33      1.136   1.136  -0.000
  
  11 1507.1   7/2-  -3/2  33   -0.59    5.27    5.27    1.46    0.85      10.49   10.49    0.00   -1.88      1.279   1.279   0.000
  12 1669.3   5/2-   1/2  31    0.38   10.42   10.42    0.37    1.71       9.91    9.91   -0.00   -3.63      1.209   1.209  -0.000
  13 1713.9   5/2-   5/2  28    2.46    6.13    6.13    6.20    2.07       7.48    7.48   -0.00   -3.19      0.912   0.912  -0.000
  14 1718.6  11/2- -11/2  27   -5.44    2.75    2.75   30.18    5.06       5.49    5.49    0.00   -1.65      0.669   0.669   0.000
  15 1754.4   9/2-  -7/2  35   -2.00    3.07    3.07   10.81    2.50       8.41    8.41   -0.00   -1.10      1.025   1.025  -0.000
  
  16 1841.5   9/2-  -3/2  33   -1.06    5.00    5.00    3.32    1.63      10.92   10.92   -0.00   -1.11      1.331   1.331  -0.000
  17 1997.3  11/2-  -3/2  26    0.13   23.59   23.59    2.89    6.03       6.84    6.84    0.00   -3.79      0.835   0.835   0.000
  18 2133.6   7/2-   1/2  31    0.28   16.09   16.09    0.97    3.03      12.43   12.43   -0.00   -4.24      1.515   1.515  -0.000
  19 2291.1  11/2-   9/2  37    1.85    3.21    3.21   17.36    3.46       9.06    9.06   -0.00   -0.72      1.105   1.105  -0.000
  20 2549.4   9/2-  -7/2  29   -1.90    5.71    5.71   12.99    2.47      12.29   12.29    0.00   -2.45      1.499   1.499   0.000
  
  21 2732.6   9/2-   1/2  31    0.30   11.84   11.84    0.68    2.13      13.96   13.96   -0.00   -2.60      1.701   1.701  -0.000
  22 3063.4  11/2-  -7/2  35   -2.09    2.75    2.75   12.54    2.27      13.31   13.31    0.00   -0.86      1.623   1.623   0.000
  23 3294.9  13/2- -11/2  27   -5.24    2.76    2.76   29.85    4.31      11.98   11.98    0.00   -1.08      1.461   1.461   0.000
  24 3410.8  11/2-   1/2  32    0.01    5.11    5.11    0.84    0.69      19.26   19.26    0.00   -1.11      2.348   2.348   0.000
  25 3650.0  13/2-   9/2  37    1.22    3.41    3.41   17.00    3.07      14.82   14.82   -0.00   -0.43      1.806   1.806  -0.000
  
  26 3747.3   1/2-   1/2  25    0.50    7.36    7.36    0.25    0.64       7.30    7.30    0.00   -3.77      0.891   0.891   0.000
  27 3801.5  13/2-   5/2  30    0.23   22.98   22.98    5.31    4.80      16.47   16.47    0.00   -3.09      2.008   2.008   0.000
  28 3835.3   5/2-   5/2  30    1.19   22.93   22.93    4.81    4.29      17.02   17.02    0.00   -6.51      2.075   2.075   0.000
  29 4116.2  13/2-  -3/2  33   -0.44    5.66    5.66    1.61    1.58      19.82   19.82    0.00   -0.30      2.417   2.417   0.000
  30 4136.9   1/2-   1/2  36    0.50   15.61   15.61    0.25   -0.16      16.24   16.24    0.00   -5.54      1.980   1.980   0.000
  
  31 4611.3  13/2-  -7/2  35   -2.01    2.85    2.85   12.49    1.98      19.65   19.65    0.00   -0.70      2.396   2.396   0.000
  32 8423.4   1/2-   1/2  24    0.50   23.24   23.24    0.25   -3.55      26.81   26.81   -0.00   -6.80      3.269   3.269  -0.000
