1SPECTRUM OF (Z= 82 A=207) IN PARTICLE-ROTOR  MODEL WITH MODIFIED OSCILLATOR POTENTIAL


 PARITY=-   EPS= 0.489   GAMMA=  0.0   EPS4=0.000   EPS6=0.000   LEVELS:  24  25  26  27  28  29  30  31  32  33  34  35  36  37  38

 PAIRING FACTORS: GN0= 19.20  GN1=  7.40  IPAIR= 15 ***  E2PLUS(INPUT)=   0.730  E2PLUR(INPUT)=   0.000

 CORIOLIS ATTENUATION PARAMETERS:  CHSI=1.000  ETA=  1.00

 MOMENT OF INERTIA PARAMETERS:   A1=  0.122 MEV   A2=  0.122 MEV   A3=121.91924 MEV


 DELTA=0.849 MEV  LAMBDA=53.4308 MEV   HW0= 7.6430 MEV   LAMBDA/HW0= 6.9908

 E2ENERGY=0.730 MEV  HBAR**2/B=44338./A**(7/3)=7495.2/A**2 MEV

 IREC=0  =>  RECOIL TERMS j+j-, j+j+, jzjz, ETC TREATED AS ONE-BODY OPERATORS WITH UU+VV PAIRING FACTORS



 S. P. LEVEL   EQP       U     V        (UU + VV)**1.00

     24       4.812    0.089 0.996      1.000 1.000 0.999 0.991 0.987 0.975 0.962 0.957 0.589 0.521 0.344 0.308 0.255 0.252 0.222
     25       4.073    0.105 0.994      1.000 1.000 1.000 0.993 0.989 0.978 0.967 0.962 0.602 0.535 0.360 0.323 0.271 0.268 0.238
     26       3.548    0.121 0.993      0.999 1.000 1.000 0.995 0.992 0.982 0.971 0.966 0.615 0.548 0.374 0.338 0.286 0.283 0.254
     27       1.986    0.219 0.976      0.991 0.993 0.995 1.000 1.000 0.996 0.990 0.987 0.691 0.629 0.465 0.430 0.380 0.377 0.349
     28       1.767    0.248 0.969      0.987 0.989 0.992 1.000 1.000 0.998 0.994 0.991 0.712 0.652 0.491 0.457 0.408 0.405 0.377
     29       1.450    0.308 0.951      0.975 0.978 0.982 0.996 0.998 1.000 0.999 0.998 0.754 0.698 0.544 0.511 0.464 0.461 0.434
     30       1.276    0.356 0.934      0.962 0.967 0.971 0.990 0.994 0.999 1.000 1.000 0.787 0.733 0.587 0.555 0.508 0.506 0.479
     31       1.225    0.374 0.928      0.957 0.962 0.966 0.987 0.991 0.998 1.000 1.000 0.798 0.746 0.602 0.570 0.524 0.522 0.496
     32       0.962    0.857 0.515      0.589 0.602 0.615 0.691 0.712 0.754 0.787 0.798 1.000 0.997 0.961 0.950 0.931 0.930 0.919
     33       1.069    0.896 0.443      0.521 0.535 0.548 0.629 0.652 0.698 0.733 0.746 0.997 1.000 0.981 0.972 0.958 0.957 0.948
     34       1.694    0.966 0.260      0.344 0.360 0.374 0.465 0.491 0.544 0.587 0.602 0.961 0.981 1.000 0.999 0.996 0.995 0.992
     35       1.962    0.975 0.222      0.308 0.323 0.338 0.430 0.457 0.511 0.555 0.570 0.950 0.972 0.999 1.000 0.998 0.998 0.996
     36       2.561    0.986 0.168      0.255 0.271 0.286 0.380 0.408 0.464 0.508 0.524 0.931 0.958 0.996 0.998 1.000 1.000 0.999
     37       2.605    0.986 0.165      0.252 0.268 0.283 0.377 0.405 0.461 0.506 0.522 0.930 0.957 0.995 0.998 1.000 1.000 1.000
     38       3.175    0.991 0.135      0.222 0.238 0.254 0.349 0.377 0.434 0.479 0.496 0.919 0.948 0.992 0.996 0.999 1.000 1.000

  R CORE   ENERGY   A0R/A00=1.000    R3= 0     2  
   2( 1)    0.732                    1.000 0.000
   2( 2)  487.921                    0.000 1.000

  R CORE   ENERGY   A0R/A00=1.000    R3= 0     2  
   3( 1)  488.652                    0.000 1.000

  R CORE   ENERGY   A0R/A00=1.000    R3= 0     2     4  
   4( 1)    2.438                    1.000 0.000 0.000

  R CORE   ENERGY   A0R/A00=1.000    R3= 0     2     4  
   5( 1)  490.847                    0.000 1.000 0.000

  R CORE   ENERGY   A0R/A00=1.000    R3= 0     2     4     6  
   6( 1)    5.121                    1.000 0.000 0.000 0.000

  R CORE   ENERGY   A0R/A00=1.000    R3= 0     2     4     6  
   7( 1)  494.017                    0.000 1.000 0.000 0.000

          AXIAL SYMMETRY => K RESTRICTED TO OMEGA

                     K
     S.P. ORB#: 24  2.50
     S.P. ORB#: 25  0.50
     S.P. ORB#: 26 -1.50
     S.P. ORB#: 27 -5.50
     S.P. ORB#: 28  2.50
     S.P. ORB#: 29  2.50
     S.P. ORB#: 30 -3.50
     S.P. ORB#: 31  0.50
     S.P. ORB#: 32  0.50
     S.P. ORB#: 33 -1.50
     S.P. ORB#: 34 -3.50
     S.P. ORB#: 35  0.50
     S.P. ORB#: 36 -1.50
     S.P. ORB#: 37 -3.50
     S.P. ORB#: 38  4.50
 

             ENERGY    K= OMEGA
 
 I=  1/2- (1)  2.350  32: 0.999
 
 I=  1/2- (2)  4.439  31: 0.915
                      35:-0.404
 
 I=  1/2- (3)  5.883  25: 0.999
 
 I=  1/2- (4)  6.278  31:-0.404
                      35:-0.915
 
 I=  1/2- (5)147.372  33: 1.000

             ENERGY    K= OMEGA
 
 I=  3/2- (1)  2.397  32: 0.705
                      33:-0.709
 
 I=  3/2- (2)  2.624  25:-0.139
                      32:-0.700
                      33:-0.700

             ENERGY    K= OMEGA
 
 I=  5/2- (1)  2.845  25: 0.191
                      28:-0.105
                      32:-0.517
                      33:-0.827
 
 I=  5/2- (2)  3.520  24:-0.051
                      25:-0.057
                      28:-0.656
                      32: 0.667
                      33:-0.344
 
 I=  5/2- (3)  3.623  28:-0.746
                      32:-0.516
                      33: 0.421
 
 I=  5/2- (4)  4.792  26:-0.126
                      29: 0.108
                      31: 0.819
                      35:-0.490
                      36:-0.246
 
 I=  5/2- (5)  6.410  26: 0.474
                      29:-0.838
                      35:-0.267

             ENERGY    K= OMEGA
 
 I=  7/2- (1)  2.951  24:-0.224
                      28: 0.086
                      30: 0.965
                      33: 0.082
                      37: 0.063
 
 I=  7/2- (2)  3.439  28: 0.369
                      32: 0.105
                      33:-0.168
                      37:-0.907
 
 I=  7/2- (3)  3.602  30:-0.061
                      32:-0.761
                      33: 0.607
                      37:-0.213
 
 I=  7/2- (4)  3.975  24: 0.059
                      25:-0.249
                      28: 0.143
                      32:-0.610
                      33:-0.724
                      37: 0.127
 
 I=  7/2- (5)  4.606  24:-0.058
                      28:-0.912
                      30: 0.106
                      33:-0.192
                      37:-0.336

             ENERGY    K= OMEGA
 
 I=  9/2- (1)  3.423  24:-0.253
                      28: 0.115
                      30:-0.808
                      33:-0.081
                      37: 0.084
                      38: 0.504
 
 I=  9/2- (2)  4.260  24:-0.136
                      25: 0.185
                      28:-0.292
                      30:-0.208
                      32:-0.314
                      33:-0.506
                      37:-0.588
                      38:-0.342
 
 I=  9/2- (3)  4.446  25: 0.241
                      28: 0.109
                      30: 0.268
                      32:-0.449
                      33:-0.576
                      37: 0.526
                      38: 0.215
 
 I=  9/2- (4)  4.640  24:-0.120
                      28: 0.355
                      30:-0.340
                      37: 0.414
                      38:-0.756
 
 I=  9/2- (5)  5.520  26:-0.417
                      29: 0.561
                      31: 0.543
                      34:-0.309
                      35:-0.265
                      36:-0.224

             ENERGY    K= OMEGA
 
 I= 11/2- (1)  3.325  27:-0.999
 
 I= 11/2- (2)  4.287  24:-0.302
                      28: 0.127
                      30: 0.800
                      33: 0.083
                      37:-0.103
                      38: 0.484
 
 I= 11/2- (3)  5.498  24: 0.162
                      28: 0.388
                      30:-0.237
                      32: 0.176
                      33:-0.321
                      37:-0.739
                      38: 0.294
 
 I= 11/2- (4)  5.593  26:-0.457
                      29:-0.546
                      31:-0.565
                      34:-0.280
                      35:-0.221
                      36:-0.218
 
 I= 11/2- (5)  5.808  25: 0.094
                      28:-0.068
                      30: 0.125
                      32: 0.812
                      33:-0.466
                      37: 0.306

             ENERGY    K= OMEGA
 
 I= 13/2- (1)  4.907  27:-0.996
                      30:-0.054
                      38: 0.063
 
 I= 13/2- (2)  5.408  24:-0.341
                      27: 0.082
                      28: 0.131
                      30:-0.792
                      33:-0.107
                      37: 0.105
                      38: 0.456
 
 I= 13/2- (3)  6.598  26: 0.506
                      29:-0.666
                      31:-0.351
                      34: 0.367
                      35: 0.116
                      36: 0.169
 
 I= 13/2- (4)  6.703  24: 0.115
                      25:-0.332
                      28: 0.271
                      32: 0.458
                      33: 0.655
                      37: 0.352
                      38: 0.198
 
 I= 13/2- (5)  7.088  24: 0.117
                      25: 0.200
                      28: 0.337
                      30: 0.265
                      32:-0.312
                      33:-0.303
                      37: 0.737
                      38: 0.172

             ENERGY     K= 9/2
  32 LEVELS    TIME=  0.0 SEC



 ******************* EXCITATION ENERGIES, DOMINANT CONFIGURATION AND EXPECTATION VALUES (WITH S.P. UU+VV FACTORS) *******************

  NR  Eex(keV)  I   Kdom  NY    <Jz>  <Jx**2> <Jy**2> <Jz**2> <I.j>/|I|  <Rx**2> <Ry**2> <Rz**2> <R.j>/|R|  <HROTx> <HROTy> <HROTz>

   1    0.0   1/2-   1/2  32    0.50    5.27    5.27    0.25    0.11       5.67    5.67   -0.00   -3.17      0.691   0.691  -0.000
   2   47.2   3/2-  -3/2  33   -0.50    5.26    5.26    1.25    1.08       5.66    5.66   -0.00   -2.87      0.690   0.690  -0.000
   3  274.0   3/2-  -3/2  33   -0.48    5.27    5.27    1.23    0.72       6.36    6.36   -0.00   -2.91      0.775   0.775  -0.000
   4  494.5   5/2-  -3/2  33   -0.84    5.40    5.40    1.70    1.27       6.88    6.88    0.00   -2.36      0.839   0.839   0.000
   5  601.0   7/2-  -7/2  30   -3.14    6.43    6.43   11.83    3.56       6.11    6.11    0.00   -3.03      0.745   0.745   0.000
  
   6  975.3  11/2- -11/2  27   -5.49    2.75    2.75   30.23    5.06       5.49    5.49    0.00   -1.65      0.669   0.669   0.000
   7 1073.3   9/2-  -7/2  30   -0.98    5.53    5.53   13.74    3.81       5.83    5.83   -0.00   -1.71      0.711   0.711  -0.000
   8 1088.6   7/2-  -7/2  37   -2.58    2.95    2.95   11.01    3.07       4.15    4.15   -0.00   -1.64      0.506   0.506  -0.000
   9 1170.4   5/2-   1/2  32    1.13    5.64    5.64    3.09    0.89       8.94    8.94    0.00   -2.78      1.090   1.090   0.000
  10 1251.9   7/2-   1/2  32   -0.43    5.12    5.12    1.59    0.87      10.31   10.31   -0.00   -1.84      1.257   1.257  -0.000
  
  11 1272.6   5/2-   5/2  28    1.26    5.77    5.77    3.94    1.05       8.99    8.99    0.00   -2.91      1.096   1.096   0.000
  12 1625.3   7/2-  -3/2  33   -0.57    5.32    5.32    1.66    0.74      11.10   11.10    0.00   -1.99      1.354   1.354   0.000
  13 1909.9   9/2-  -7/2  37   -0.89    4.05    4.05    8.40    2.35       8.95    8.95    0.00   -1.14      1.091   1.091   0.000
  14 1936.8  11/2-  -7/2  30   -0.97    5.68    5.68   13.42    3.54       9.12    9.12   -0.00   -0.85      1.112   1.112  -0.000
  15 2088.7   1/2-   1/2  31    0.50   13.00   13.00    0.25    0.94      12.69   12.69   -0.00   -5.05      1.547   1.547  -0.000
  
  16 2095.5   9/2-  -3/2  33   -1.35    4.48    4.48    6.11    1.80      10.95   10.95   -0.00   -1.30      1.335   1.335  -0.000
  17 2255.6   7/2-   5/2  28    1.60    5.66    5.66    6.82    1.42      11.32   11.32    0.00   -2.63      1.381   1.381   0.001
  18 2290.4   9/2-   9/2  38    1.92    3.51    3.51   15.98    3.20       7.95    7.95   -0.00   -1.77      0.969   0.969  -0.001
  19 2441.6   5/2-   1/2  31    0.37   13.64   13.64    0.47    1.64      13.41   13.41    0.00   -4.42      1.634   1.634   0.000
  20 2556.5  13/2- -11/2  27   -5.45    2.76    2.76   30.14    4.33      11.96   11.96    0.00   -1.11      1.458   1.458   0.000
  
  21 3057.8  13/2-  -7/2  30   -1.02    5.83    5.83   13.09    3.33      13.53   13.53   -0.00   -0.29      1.649   1.649  -0.001
  22 3148.3  11/2-  -7/2  37   -1.42    3.48    3.48   10.47    2.26      13.11   13.11    0.00   -0.77      1.598   1.598   0.001
  23 3169.5   9/2-   5/2  29    0.30   19.14   19.14    3.73    3.70      14.99   14.99    0.00   -4.31      1.828   1.828   0.000
  24 3242.9  11/2-   1/2  31    0.27   19.88   19.88    3.49    4.08      15.09   15.09    0.00   -3.43      1.840   1.840   0.000
  25 3457.4  11/2-   1/2  32   -0.36    4.96    4.96    2.04    0.81      18.99   18.99   -0.00   -1.15      2.315   2.315  -0.000
  
  26 3533.3   1/2-   1/2  25    0.50    7.52    7.52    0.25    0.65       7.45    7.45    0.00   -3.81      0.908   0.908   0.000
  27 3928.3   1/2-   1/2  35    0.50   17.03   17.03    0.25   -0.77      18.19   18.19   -0.00   -5.80      2.218   2.218  -0.000
  28 4060.1   5/2-   5/2  29    1.45   22.17   22.17    4.92    3.63      18.25   18.25   -0.00   -6.37      2.226   2.226  -0.000
  29 4248.2  13/2-   5/2  29    0.28   21.41   21.41    5.10    4.24      18.73   18.73   -0.00   -2.99      2.284   2.284  -0.000
  30 4353.2  13/2-  -3/2  33   -0.53    5.15    5.15    3.91    1.60      20.31   20.31    0.00   -0.48      2.477   2.477   0.000
  
  31 4737.9  13/2-  -7/2  37   -1.77    3.72    3.72    9.16    1.82      19.96   19.96    0.00   -0.61      2.433   2.433   0.000
  32*******   1/2-  -3/2  33    0.00    0.00    0.00    0.00    0.00       0.00    0.00    0.00   -0.00      0.000   0.000   0.000
