1SPECTRUM OF (Z= 82 A=207) IN PARTICLE-ROTOR  MODEL WITH MODIFIED OSCILLATOR POTENTIAL


 PARITY=-   EPS= 0.422   GAMMA=  0.0   EPS4=0.000   EPS6=0.000   LEVELS:  24  25  26  27  28  29  30  31  32  33  34  35  36  37  38

 PAIRING FACTORS: GN0= 19.20  GN1=  7.40  IPAIR= 15 ***  E2PLUS(INPUT)=   0.730  E2PLUR(INPUT)=   0.000

 CORIOLIS ATTENUATION PARAMETERS:  CHSI=1.000  ETA=  1.00

 MOMENT OF INERTIA PARAMETERS:   A1=  0.122 MEV   A2=  0.122 MEV   A3=121.91924 MEV


 DELTA=0.846 MEV  LAMBDA=53.4889 MEV   HW0= 7.5786 MEV   LAMBDA/HW0= 7.0579

 E2ENERGY=0.730 MEV  HBAR**2/B=33020./A**(7/3)=5582.0/A**2 MEV

 IREC=0  =>  RECOIL TERMS j+j-, j+j+, jzjz, ETC TREATED AS ONE-BODY OPERATORS WITH UU+VV PAIRING FACTORS



 S. P. LEVEL   EQP       U     V        (UU + VV)**1.00

     24       4.278    0.099 0.995      1.000 1.000 1.000 0.997 0.997 0.992 0.920 0.875 0.817 0.605 0.413 0.333 0.324 0.248 0.229
     25       3.732    0.114 0.993      1.000 1.000 1.000 0.998 0.998 0.994 0.926 0.882 0.825 0.616 0.427 0.347 0.338 0.262 0.244
     26       3.282    0.130 0.992      1.000 1.000 1.000 0.999 0.999 0.996 0.931 0.889 0.834 0.629 0.441 0.362 0.353 0.278 0.259
     27       2.497    0.172 0.985      0.997 0.998 0.999 1.000 1.000 0.999 0.946 0.908 0.857 0.661 0.479 0.401 0.393 0.318 0.300
     28       2.493    0.172 0.985      0.997 0.998 0.999 1.000 1.000 0.999 0.946 0.908 0.857 0.662 0.479 0.401 0.393 0.319 0.300
     29       1.946    0.223 0.975      0.992 0.994 0.996 0.999 0.999 1.000 0.962 0.929 0.882 0.699 0.524 0.448 0.440 0.367 0.349
     30       1.002    0.482 0.876      0.920 0.926 0.931 0.946 0.946 0.962 1.000 0.995 0.978 0.869 0.738 0.676 0.669 0.608 0.593
     31       0.904    0.569 0.822      0.875 0.882 0.889 0.908 0.908 0.929 0.995 1.000 0.994 0.915 0.803 0.748 0.742 0.686 0.672
     32       0.854    0.655 0.755      0.817 0.825 0.834 0.857 0.857 0.882 0.978 0.994 1.000 0.953 0.863 0.816 0.811 0.762 0.749
     33       0.949    0.853 0.523      0.605 0.616 0.629 0.661 0.662 0.699 0.869 0.915 0.953 1.000 0.975 0.952 0.949 0.922 0.914
     34       1.391    0.947 0.321      0.413 0.427 0.441 0.479 0.479 0.524 0.738 0.803 0.863 0.975 1.000 0.996 0.995 0.985 0.981
     35       1.834    0.971 0.237      0.333 0.347 0.362 0.401 0.401 0.448 0.676 0.748 0.816 0.952 0.996 1.000 1.000 0.996 0.994
     36       1.900    0.974 0.229      0.324 0.338 0.353 0.393 0.393 0.440 0.669 0.742 0.811 0.949 0.995 1.000 1.000 0.997 0.995
     37       2.840    0.989 0.151      0.248 0.262 0.278 0.318 0.319 0.367 0.608 0.686 0.762 0.922 0.985 0.996 0.997 1.000 1.000
     38       3.249    0.991 0.131      0.229 0.244 0.259 0.300 0.300 0.349 0.593 0.672 0.749 0.914 0.981 0.994 0.995 1.000 1.000

  R CORE   ENERGY   A0R/A00=1.000    R3= 0     2  
   2( 1)    0.732                    1.000 0.000
   2( 2)  487.921                    0.000 1.000

  R CORE   ENERGY   A0R/A00=1.000    R3= 0     2  
   3( 1)  488.652                    0.000 1.000

  R CORE   ENERGY   A0R/A00=1.000    R3= 0     2     4  
   4( 1)    2.438                    1.000 0.000 0.000

  R CORE   ENERGY   A0R/A00=1.000    R3= 0     2     4  
   5( 1)  490.847                    0.000 1.000 0.000

  R CORE   ENERGY   A0R/A00=1.000    R3= 0     2     4     6  
   6( 1)    5.121                    1.000 0.000 0.000 0.000

  R CORE   ENERGY   A0R/A00=1.000    R3= 0     2     4     6  
   7( 1)  494.017                    0.000 1.000 0.000 0.000

          AXIAL SYMMETRY => K RESTRICTED TO OMEGA

                     K
     S.P. ORB#: 24  0.50
     S.P. ORB#: 25  0.50
     S.P. ORB#: 26 -5.50
     S.P. ORB#: 27  2.50
     S.P. ORB#: 28 -1.50
     S.P. ORB#: 29 -3.50
     S.P. ORB#: 30  2.50
     S.P. ORB#: 31  0.50
     S.P. ORB#: 32 -1.50
     S.P. ORB#: 33  0.50
     S.P. ORB#: 34 -3.50
     S.P. ORB#: 35 -3.50
     S.P. ORB#: 36  4.50
     S.P. ORB#: 37  0.50
     S.P. ORB#: 38 -1.50
 

             ENERGY    K= OMEGA
 
 I=  1/2- (1)  2.232  31:-0.999
 
 I=  1/2- (2)  3.781  25: 0.224
                      33:-0.920
                      37: 0.322
 
 I=  1/2- (3)  6.004  24: 0.999
 
 I=  1/2- (4)  6.847  25: 0.271
                      33:-0.259
                      37:-0.927
 
 I=  1/2- (5)  9.913  25:-0.936
                      33:-0.296
                      37:-0.192

             ENERGY    K= OMEGA
 
 I=  3/2- (1)  2.179  31: 0.416
                      32:-0.909
 
 I=  3/2- (2)  2.403  24: 0.187
                      31: 0.896
                      32: 0.402

             ENERGY    K= OMEGA
 
 I=  5/2- (1)  2.487  24:-0.244
                      31: 0.491
                      32: 0.835
 
 I=  5/2- (2)  3.409  24: 0.066
                      27: 0.055
                      31:-0.851
                      32: 0.517
 
 I=  5/2- (3)  3.878  25: 0.177
                      33:-0.821
                      37: 0.465
                      38:-0.279
 
 I=  5/2- (4)  4.296  27:-0.997
                      32: 0.064
 
 I=  5/2- (5)  5.820  25: 0.201
                      28:-0.588
                      30: 0.782

             ENERGY    K= OMEGA
 
 I=  7/2- (1)  2.298  27: 0.149
                      34:-0.988
 
 I=  7/2- (2)  3.416  27: 0.067
                      31: 0.581
                      32:-0.809
 
 I=  7/2- (3)  3.572  24: 0.326
                      27:-0.051
                      31: 0.776
                      32: 0.536
 
 I=  7/2- (4)  3.865  27:-0.171
                      29:-0.983
                      32:-0.063
 
 I=  7/2- (5)  3.973  25:-0.069
                      28: 0.120
                      30: 0.146
                      33: 0.875
                      35: 0.055
                      37: 0.249
                      38:-0.359

             ENERGY    K= OMEGA
 
 I=  9/2- (1)  2.819  27: 0.093
                      29:-0.196
                      34: 0.377
                      36: 0.900
 
 I=  9/2- (2)  3.400  27: 0.197
                      29: 0.118
                      32: 0.060
                      34: 0.897
                      36:-0.371
 
 I=  9/2- (3)  3.800  24: 0.373
                      31:-0.538
                      32:-0.750
                      34: 0.080
 
 I=  9/2- (4)  4.677  25:-0.104
                      28:-0.094
                      30: 0.174
                      33: 0.754
                      35:-0.091
                      37:-0.499
                      38: 0.352
 
 I=  9/2- (5)  5.018  27:-0.254
                      29: 0.939
                      31: 0.057
                      36: 0.221

             ENERGY    K= OMEGA
 
 I= 11/2- (1)  3.797  25:-0.502
                      28:-0.560
                      30:-0.481
                      33:-0.346
                      35:-0.213
                      37:-0.110
                      38: 0.160
 
 I= 11/2- (2)  3.959  26:-0.071
                      27:-0.137
                      29:-0.261
                      34: 0.441
                      36:-0.844
 
 I= 11/2- (3)  4.620  26: 0.971
                      27:-0.064
                      34: 0.224
 
 I= 11/2- (4)  4.729  26: 0.226
                      27: 0.223
                      29:-0.174
                      32:-0.054
                      34:-0.823
                      36:-0.433
 
 I= 11/2- (5)  5.157  25: 0.331
                      28: 0.192
                      30: 0.143
                      33:-0.774
                      35: 0.080
                      37:-0.286
                      38: 0.380

             ENERGY    K= OMEGA
 
 I= 13/2- (1)  5.339  26: 0.076
                      27:-0.174
                      29: 0.304
                      34:-0.472
                      36:-0.804
 
 I= 13/2- (2)  5.587  25: 0.180
                      28:-0.557
                      30: 0.675
                      33: 0.184
                      35:-0.376
                      37:-0.086
                      38: 0.138
 
 I= 13/2- (3)  5.945  24: 0.450
                      27:-0.082
                      31:-0.535
                      32:-0.693
                      34:-0.086
                      36: 0.119
 
 I= 13/2- (4)  6.198  26:-0.923
                      27:-0.105
                      31: 0.054
                      32: 0.057
                      34:-0.340
                      36: 0.112
 
 I= 13/2- (5)  6.303  24: 0.063
                      26:-0.376
                      27: 0.223
                      29: 0.210
                      31:-0.083
                      32:-0.079
                      34: 0.748
                      36:-0.434

             ENERGY     K=-3/2
  32 LEVELS    TIME=  0.0 SEC



 ******************* EXCITATION ENERGIES, DOMINANT CONFIGURATION AND EXPECTATION VALUES (WITH S.P. UU+VV FACTORS) *******************

  NR  Eex(keV)  I   Kdom  NY    <Jz>  <Jx**2> <Jy**2> <Jz**2> <I.j>/|I|  <Rx**2> <Ry**2> <Rz**2> <R.j>/|R|  <HROTx> <HROTy> <HROTz>

   1    0.0   3/2-  -3/2  32   -1.15    5.08    5.08    1.90    1.31       5.38    5.38   -0.00   -2.91      0.655   0.655  -0.000
   2   53.2   1/2-   1/2  31    0.50    5.09    5.09    0.25    0.21       5.41    5.41    0.00   -3.12      0.660   0.660   0.000
   3  119.4   7/2-  -7/2  34   -3.37    2.32    2.32   12.11    3.18       3.62    3.62   -0.00   -1.53      0.441   0.441  -0.000
   4  224.3   3/2-   1/2  31    0.18    4.99    4.99    0.57    0.75       5.70    5.70    0.00   -2.69      0.695   0.695   0.000
   5  308.4   5/2-  -3/2  32   -0.89    5.29    5.29    1.66    1.59       5.80    5.80   -0.00   -2.22      0.707   0.707  -0.000
  
   6  640.1   9/2-   9/2  36    3.04    2.55    2.55   18.68    4.07       4.04    4.04    0.00   -1.25      0.492   0.492   0.001
   7 1221.4   9/2-  -7/2  34   -2.15    2.40    2.40   13.07    2.73       7.75    7.75    0.00   -1.09      0.944   0.944   0.000
   8 1230.6   5/2-   1/2  31   -0.03    5.11    5.11    0.80   -0.12      10.25   10.25   -0.00   -2.52      1.250   1.250  -0.000
   9 1237.2   7/2-  -3/2  32   -0.81    5.09    5.09    1.61    0.85      10.38   10.38    0.00   -1.84      1.266   1.266   0.000
  10 1393.4   7/2-   1/2  31   -0.08    5.08    5.08    0.86    0.98       9.51    9.51   -0.00   -1.64      1.159   1.159  -0.000
  
  11 1602.0   1/2-   1/2  33    0.50   10.66   10.66    0.25    1.07      10.23   10.23    0.00   -4.56      1.248   1.248   0.000
  12 1618.5  11/2-  -3/2  28    0.10   23.59   23.59    2.86    6.13       6.27    6.27    0.00   -3.79      0.764   0.764   0.000
  13 1621.3   9/2-  -3/2  32   -0.65    5.51    5.51    1.47    1.72      10.04   10.04   -0.00   -0.87      1.224   1.224  -0.000
  14 1685.9   7/2-  -7/2  29   -3.32    6.27    6.27   12.03    3.11       7.82    7.82   -0.00   -3.09      0.953   0.953  -0.000
  15 1699.6   5/2-   1/2  33    0.34   11.26   11.26    0.41    2.23       9.24    9.24    0.00   -3.80      1.127   1.127   0.000
  
  16 1780.7  11/2-   9/2  36    2.31    2.74    2.74   17.93    3.48       8.77    8.77    0.00   -0.62      1.069   1.069   0.001
  17 1794.4   7/2-   1/2  33    0.24   15.04   15.04    0.70    3.20      10.55   10.55    0.00   -3.93      1.286   1.286   0.000
  18 2117.0   5/2-   5/2  27    2.48    6.10    6.10    6.23    2.09       7.41    7.41   -0.00   -3.18      0.903   0.903  -0.000
  19 2441.7  11/2- -11/2  26   -5.35    2.74    2.74   29.22    4.90       5.90    5.90    0.00   -1.57      0.720   0.720   0.000
  20 2498.7   9/2-   1/2  33    0.26   12.64   12.64    0.80    2.70      11.97   11.97    0.00   -2.58      1.460   1.460   0.000
  
  21 2550.4  11/2-  -7/2  34   -1.80    2.51    2.51   14.34    2.50      12.61   12.61    0.00   -0.88      1.537   1.537   0.000
  22 2839.0   9/2-  -7/2  29   -2.71    6.05    6.05   12.21    2.42      12.47   12.47   -0.00   -2.45      1.520   1.520  -0.000
  23 2978.3  11/2-   1/2  33    0.15   13.21   13.21    0.81    2.97      13.74   13.74    0.00   -1.81      1.675   1.675   0.000
  24 3160.7  13/2-   9/2  36    1.85    2.91    2.91   17.31    3.08      14.45   14.45    0.00   -0.30      1.762   1.762   0.000
  25 3408.3  13/2-   5/2  30    0.19   23.30   23.30    5.34    4.94      15.84   15.84    0.00   -3.10      1.931   1.931   0.000
  
  26 3641.6   5/2-   5/2  30    1.03   23.36   23.36    4.61    4.34      17.19   17.19    0.00   -6.56      2.096   2.096   0.000
  27 3766.7  13/2-  -3/2  32   -0.43    5.64    5.64    1.68    1.86      17.84   17.84   -0.00    0.01      2.175   2.175  -0.000
  28 3825.2   1/2-   1/2  24    0.50    7.16    7.16    0.25    0.63       7.11    7.11   -0.00   -3.72      0.867   0.867  -0.000
  29 4019.1  13/2- -11/2  26   -5.01    2.74    2.74   27.52    3.99      13.02   13.02    0.00   -1.01      1.588   1.588   0.000
  30 4123.8  13/2-  -7/2  34   -1.92    2.65    2.65   15.81    2.38      18.31   18.31   -0.00   -0.74      2.232   2.232  -0.000
  
  31 4667.9   1/2-   1/2  37    0.50   15.77   15.77    0.25   -0.48      16.68   16.68   -0.00   -5.57      2.034   2.034  -0.000
  32 7734.5   1/2-   1/2  25    0.50   22.97   22.97    0.25   -3.48      26.48   26.48    0.00   -6.76      3.229   3.229   0.000
