1SPECTRUM OF (Z= 82 A=207) IN PARTICLE-ROTOR  MODEL WITH MODIFIED OSCILLATOR POTENTIAL


 PARITY=-   EPS= 0.438   GAMMA=  0.0   EPS4=0.000   EPS6=0.000   LEVELS:  24  25  26  27  28  29  30  31  32  33  34  35  36  37  38

 PAIRING FACTORS: GN0= 19.20  GN1=  7.40  IPAIR= 15 ***  E2PLUS(INPUT)=   0.730  E2PLUR(INPUT)=   0.000

 CORIOLIS ATTENUATION PARAMETERS:  CHSI=1.000  ETA=  1.00

 MOMENT OF INERTIA PARAMETERS:   A1=  0.122 MEV   A2=  0.122 MEV   A3=121.91923 MEV


 DELTA=0.853 MEV  LAMBDA=53.4812 MEV   HW0= 7.5928 MEV   LAMBDA/HW0= 7.0437

 E2ENERGY=0.730 MEV  HBAR**2/B=35572./A**(7/3)=6013.3/A**2 MEV

 IREC=0  =>  RECOIL TERMS j+j-, j+j+, jzjz, ETC TREATED AS ONE-BODY OPERATORS WITH UU+VV PAIRING FACTORS



 S. P. LEVEL   EQP       U     V        (UU + VV)**1.00

     24       4.245    0.101 0.995      1.000 1.000 0.999 0.998 0.996 0.989 0.942 0.827 0.757 0.733 0.364 0.342 0.297 0.264 0.239
     25       4.092    0.105 0.995      1.000 1.000 0.999 0.999 0.997 0.990 0.944 0.829 0.759 0.736 0.368 0.345 0.301 0.268 0.243
     26       2.983    0.144 0.990      0.999 0.999 1.000 1.000 0.999 0.995 0.956 0.851 0.785 0.762 0.404 0.383 0.339 0.306 0.281
     27       2.749    0.157 0.988      0.998 0.999 1.000 1.000 1.000 0.996 0.960 0.858 0.793 0.770 0.416 0.394 0.351 0.318 0.294
     28       2.335    0.186 0.983      0.996 0.997 0.999 1.000 1.000 0.998 0.968 0.872 0.810 0.789 0.442 0.421 0.378 0.346 0.321
     29       1.793    0.245 0.969      0.989 0.990 0.995 0.996 0.998 1.000 0.981 0.900 0.844 0.825 0.496 0.476 0.434 0.402 0.378
     30       1.102    0.428 0.904      0.942 0.944 0.956 0.960 0.968 0.981 1.000 0.967 0.932 0.918 0.655 0.637 0.599 0.572 0.550
     31       0.866    0.643 0.766      0.827 0.829 0.851 0.858 0.872 0.900 0.967 1.000 0.993 0.989 0.824 0.811 0.782 0.761 0.743
     32       0.854    0.727 0.687      0.757 0.759 0.785 0.793 0.810 0.844 0.932 0.993 1.000 0.999 0.884 0.873 0.849 0.830 0.816
     33       0.859    0.751 0.661      0.733 0.736 0.762 0.770 0.789 0.825 0.918 0.989 0.999 1.000 0.900 0.890 0.867 0.850 0.836
     34       1.650    0.963 0.268      0.364 0.368 0.404 0.416 0.442 0.496 0.655 0.824 0.884 0.900 1.000 1.000 0.997 0.994 0.991
     35       1.792    0.969 0.245      0.342 0.345 0.383 0.394 0.421 0.476 0.637 0.811 0.873 0.890 1.000 1.000 0.999 0.997 0.994
     36       2.183    0.980 0.199      0.297 0.301 0.339 0.351 0.378 0.434 0.599 0.782 0.849 0.867 0.997 0.999 1.000 0.999 0.998
     37       2.611    0.986 0.166      0.264 0.268 0.306 0.318 0.346 0.402 0.572 0.761 0.830 0.850 0.994 0.997 0.999 1.000 1.000
     38       3.078    0.990 0.140      0.239 0.243 0.281 0.294 0.321 0.378 0.550 0.743 0.816 0.836 0.991 0.994 0.998 1.000 1.000

  R CORE   ENERGY   A0R/A00=1.000    R3= 0     2  
   2( 1)    0.732                    1.000 0.000
   2( 2)  487.921                    0.000 1.000

  R CORE   ENERGY   A0R/A00=1.000    R3= 0     2  
   3( 1)  488.652                    0.000 1.000

  R CORE   ENERGY   A0R/A00=1.000    R3= 0     2     4  
   4( 1)    2.438                    1.000 0.000 0.000

  R CORE   ENERGY   A0R/A00=1.000    R3= 0     2     4  
   5( 1)  490.847                    0.000 1.000 0.000

  R CORE   ENERGY   A0R/A00=1.000    R3= 0     2     4     6  
   6( 1)    5.121                    1.000 0.000 0.000 0.000

  R CORE   ENERGY   A0R/A00=1.000    R3= 0     2     4     6  
   7( 1)  494.017                    0.000 1.000 0.000 0.000

          AXIAL SYMMETRY => K RESTRICTED TO OMEGA

                     K
     S.P. ORB#: 24  0.50
     S.P. ORB#: 25  0.50
     S.P. ORB#: 26 -5.50
     S.P. ORB#: 27 -1.50
     S.P. ORB#: 28  2.50
     S.P. ORB#: 29 -3.50
     S.P. ORB#: 30  2.50
     S.P. ORB#: 31  0.50
     S.P. ORB#: 32 -1.50
     S.P. ORB#: 33  0.50
     S.P. ORB#: 34 -3.50
     S.P. ORB#: 35 -3.50
     S.P. ORB#: 36  4.50
     S.P. ORB#: 37  0.50
     S.P. ORB#: 38 -1.50
 

             ENERGY    K= OMEGA
 
 I=  1/2- (1)  2.209  31:-0.999
 
 I=  1/2- (2)  3.608  25: 0.255
                      33:-0.922
                      37: 0.292
 
 I=  1/2- (3)  5.993  24: 0.999
 
 I=  1/2- (4)  6.621  25:-0.248
                      33: 0.230
                      37: 0.941
 
 I=  1/2- (5) 10.239  25:-0.935
                      33:-0.312
                      37:-0.170

             ENERGY    K= OMEGA
 
 I=  3/2- (1)  2.185  31: 0.490
                      32:-0.871
 
 I=  3/2- (2)  2.399  24: 0.178
                      31: 0.860
                      32: 0.479

             ENERGY    K= OMEGA
 
 I=  5/2- (1)  2.523  24:-0.233
                      31: 0.501
                      32: 0.832
 
 I=  5/2- (2)  3.394  24: 0.064
                      28: 0.066
                      31:-0.847
                      32: 0.524
 
 I=  5/2- (3)  3.795  25:-0.208
                      33: 0.833
                      37:-0.438
                      38:-0.264
 
 I=  5/2- (4)  4.138  28:-0.997
                      32: 0.074
 
 I=  5/2- (5)  5.919  25:-0.188
                      27: 0.574
                      30:-0.795

             ENERGY    K= OMEGA
 
 I=  7/2- (1)  2.558  28:-0.161
                      34: 0.986
 
 I=  7/2- (2)  3.415  28: 0.066
                      29: 0.050
                      31: 0.683
                      32:-0.725
 
 I=  7/2- (3)  3.612  24: 0.310
                      28:-0.083
                      29:-0.143
                      31: 0.688
                      32: 0.635
 
 I=  7/2- (4)  3.718  28: 0.159
                      29: 0.973
                      31: 0.066
                      32: 0.144
 
 I=  7/2- (5)  4.061  25: 0.057
                      27:-0.158
                      30:-0.169
                      33:-0.872
                      35:-0.062
                      37:-0.252
                      38:-0.341

             ENERGY    K= OMEGA
 
 I=  9/2- (1)  3.083  28: 0.103
                      29:-0.240
                      34: 0.369
                      36: 0.892
 
 I=  9/2- (2)  3.655  28:-0.211
                      29:-0.142
                      31:-0.061
                      32:-0.104
                      34:-0.890
                      36: 0.357
 
 I=  9/2- (3)  3.887  24: 0.358
                      31:-0.542
                      32:-0.746
                      34: 0.135
 
 I=  9/2- (4)  4.694  25: 0.147
                      27: 0.070
                      30:-0.135
                      33:-0.775
                      35: 0.067
                      37: 0.484
                      38: 0.341
 
 I=  9/2- (5)  4.895  28:-0.253
                      29: 0.927
                      31: 0.053
                      36: 0.271

             ENERGY    K= OMEGA
 
 I= 11/2- (1)  3.962  25: 0.473
                      27: 0.557
                      30: 0.480
                      33: 0.386
                      35: 0.207
                      37: 0.123
                      38: 0.167
 
 I= 11/2- (2)  4.198  26:-0.342
                      28:-0.137
                      29:-0.292
                      34: 0.392
                      36:-0.791
 
 I= 11/2- (3)  4.339  26:-0.939
                      28: 0.060
                      29: 0.109
                      34:-0.174
                      36: 0.269
 
 I= 11/2- (4)  4.975  28: 0.245
                      29:-0.204
                      32:-0.073
                      34:-0.852
                      36:-0.407
 
 I= 11/2- (5)  5.482  25:-0.348
                      27:-0.207
                      30:-0.181
                      33: 0.758
                      35:-0.103
                      37: 0.291
                      38: 0.365

             ENERGY    K= OMEGA
 
 I= 13/2- (1)  5.574  26: 0.189
                      28:-0.180
                      29: 0.348
                      32:-0.054
                      34:-0.438
                      36:-0.784
 
 I= 13/2- (2)  5.768  25:-0.167
                      27: 0.559
                      30:-0.674
                      33:-0.208
                      35: 0.366
                      37: 0.093
                      38: 0.142
 
 I= 13/2- (3)  5.918  26:-0.979
                      28:-0.056
                      29: 0.066
                      34:-0.132
                      36:-0.115
 
 I= 13/2- (4)  6.089  24: 0.439
                      26: 0.053
                      28:-0.073
                      31:-0.543
                      32:-0.698
                      36: 0.118
 
 I= 13/2- (5)  6.535  24: 0.057
                      26:-0.054
                      28: 0.260
                      29: 0.245
                      31:-0.080
                      32:-0.068
                      34: 0.826
                      36:-0.416

             ENERGY     K=-3/2
  32 LEVELS    TIME=  0.0 SEC



 ******************* EXCITATION ENERGIES, DOMINANT CONFIGURATION AND EXPECTATION VALUES (WITH S.P. UU+VV FACTORS) *******************

  NR  Eex(keV)  I   Kdom  NY    <Jz>  <Jx**2> <Jy**2> <Jz**2> <I.j>/|I|  <Rx**2> <Ry**2> <Rz**2> <R.j>/|R|  <HROTx> <HROTy> <HROTz>

   1    0.0   3/2-  -3/2  32   -1.02    5.13    5.13    1.77    1.26       5.44    5.44   -0.00   -2.90      0.664   0.664  -0.000
   2   23.4   1/2-   1/2  31    0.50    5.14    5.14    0.25    0.19       5.48    5.48    0.00   -3.13      0.668   0.668   0.000
   3  213.6   3/2-   1/2  31    0.04    5.06    5.06    0.71    0.74       5.86    5.86   -0.00   -2.75      0.714   0.714  -0.000
   4  338.2   5/2-  -3/2  32   -0.88    5.32    5.32    1.65    1.51       6.07    6.07   -0.00   -2.25      0.740   0.740  -0.000
   5  373.1   7/2-  -7/2  34   -3.34    2.34    2.34   12.09    3.18       3.65    3.65   -0.00   -1.54      0.445   0.445  -0.000
  
   6  898.0   9/2-   9/2  36    2.92    2.65    2.65   18.54    4.06       4.08    4.08    0.00   -1.27      0.497   0.497   0.000
   7 1208.9   5/2-   1/2  31   -0.04    5.16    5.16    0.82   -0.12      10.30   10.30   -0.00   -2.53      1.256   1.256  -0.000
   8 1229.8   7/2-  -3/2  32   -0.55    5.11    5.11    1.37    0.81      10.44   10.44   -0.00   -1.83      1.273   1.273  -0.000
   9 1423.1   1/2-   1/2  33    0.50   10.19   10.19    0.25    1.02       9.80    9.80   -0.00   -4.46      1.195   1.195  -0.000
  10 1426.6   7/2-   1/2  31   -0.38    5.19    5.19    1.35    0.99       9.83    9.83   -0.00   -1.76      1.199   1.199  -0.000
  
  11 1469.9   9/2-  -7/2  34   -2.17    2.49    2.49   12.83    2.70       7.83    7.83    0.00   -1.10      0.955   0.955   0.000
  12 1533.0   7/2-  -7/2  29   -3.28    6.27    6.27   11.81    3.06       7.91    7.91   -0.00   -3.07      0.965   0.965  -0.000
  13 1609.4   5/2-   1/2  33    0.36   10.89   10.89    0.39    2.03       9.44    9.44    0.00   -3.72      1.151   1.151   0.000
  14 1701.8   9/2-  -3/2  32   -0.69    5.48    5.48    1.61    1.63      10.57   10.57   -0.00   -0.97      1.289   1.289  -0.000
  15 1776.5  11/2-  -3/2  27    0.11   23.61   23.61    2.83    6.07       6.59    6.59    0.00   -3.78      0.803   0.803   0.000
  
  16 1876.0   7/2-   1/2  33    0.26   15.18   15.18    0.75    3.05      11.34   11.34    0.00   -3.99      1.382   1.382   0.000
  17 1953.2   5/2-   5/2  28    2.48    6.11    6.11    6.22    2.08       7.43    7.43    0.00   -3.19      0.906   0.906   0.000
  18 2012.3  11/2-   9/2  36    1.38    2.85    2.85   19.24    3.68       8.34    8.34    0.00   -0.72      1.017   1.017   0.000
  19 2154.2  11/2- -11/2  26   -4.66    2.77    2.77   28.68    4.84       6.04    6.04    0.00   -1.52      0.736   0.736   0.000
  20 2508.6   9/2-   1/2  33    0.28   12.05   12.05    0.65    2.44      12.62   12.62    0.00   -2.51      1.539   1.539   0.000
  
  21 2709.7   9/2-  -7/2  29   -2.51    5.98    5.98   12.41    2.43      12.47   12.47    0.00   -2.46      1.520   1.520   0.000
  22 2789.5  11/2-  -7/2  34   -1.81    2.57    2.57   13.18    2.33      13.09   13.09    0.00   -0.85      1.596   1.596   0.000
  23 3296.8  11/2-   1/2  33    0.17   12.69   12.69    0.93    2.66      15.12   15.12   -0.00   -1.89      1.844   1.844  -0.000
  24 3388.8  13/2-   9/2  36    1.55    3.05    3.05   17.57    3.12      14.40   14.40    0.00   -0.35      1.755   1.755   0.000
  25 3582.3  13/2-   5/2  30    0.21   23.07   23.07    5.25    4.86      16.13   16.13    0.00   -3.07      1.967   1.967   0.000
  
  26 3733.0  13/2- -11/2  26   -5.28    2.78    2.78   29.55    4.25      12.23   12.23    0.00   -1.09      1.491   1.491   0.000
  27 3733.7   5/2-   5/2  30    1.11   23.16   23.16    4.71    4.33      17.09   17.09    0.00   -6.54      2.084   2.084   0.000
  28 3808.0   1/2-   1/2  24    0.50    7.25    7.25    0.25    0.64       7.20    7.20    0.00   -3.74      0.878   0.878   0.000
  29 3903.9  13/2-  -3/2  32   -0.44    5.66    5.66    1.66    1.75      18.63   18.63   -0.00   -0.12      2.271   2.271  -0.000
  30 4349.5  13/2-  -7/2  34   -1.67    2.69    2.69   13.12    2.03      19.41   19.41    0.00   -0.69      2.367   2.367   0.000
  
  31 4435.5   1/2-   1/2  37    0.50   15.66   15.66    0.25   -0.34      16.45   16.45    0.00   -5.55      2.006   2.006   0.000
  32 8053.9   1/2-   1/2  25    0.50   23.13   23.13    0.25   -3.52      26.67   26.67   -0.00   -6.78      3.252   3.252  -0.000
