1SPECTRUM OF (Z= 82 A=207) IN PARTICLE-ROTOR  MODEL WITH MODIFIED OSCILLATOR POTENTIAL


 PARITY=-   EPS= 0.615   GAMMA=  0.0   EPS4=0.000   EPS6=0.000   LEVELS:  24  25  26  27  28  29  30  31  32  33  34  35  36  37  38

 PAIRING FACTORS: GN0= 19.20  GN1=  7.40  IPAIR= 15 ***  E2PLUS(INPUT)=   0.730  E2PLUR(INPUT)=   0.000

 CORIOLIS ATTENUATION PARAMETERS:  CHSI=1.000  ETA=  1.00

 MOMENT OF INERTIA PARAMETERS:   A1=  0.122 MEV   A2=  0.122 MEV   A3=121.91924 MEV


 DELTA=0.895 MEV  LAMBDA=53.7221 MEV   HW0= 7.8030 MEV   LAMBDA/HW0= 6.8848

 E2ENERGY=0.730 MEV  HBAR**2/B=70130./A**(7/3)=******/A**2 MEV

 IREC=0  =>  RECOIL TERMS j+j-, j+j+, jzjz, ETC TREATED AS ONE-BODY OPERATORS WITH UU+VV PAIRING FACTORS



 S. P. LEVEL   EQP       U     V        (UU + VV)**1.00

     24       4.501    0.100 0.995      1.000 1.000 1.000 1.000 0.998 0.822 0.803 0.609 0.519 0.513 0.456 0.324 0.305 0.213 0.190
     25       3.950    0.114 0.993      1.000 1.000 1.000 1.000 0.999 0.830 0.811 0.620 0.531 0.525 0.469 0.337 0.318 0.227 0.204
     26       3.814    0.118 0.993      1.000 1.000 1.000 1.000 0.999 0.832 0.814 0.623 0.535 0.529 0.472 0.341 0.322 0.231 0.208
     27       3.761    0.120 0.993      1.000 1.000 1.000 1.000 0.999 0.833 0.815 0.624 0.536 0.530 0.474 0.343 0.324 0.232 0.209
     28       2.794    0.162 0.987      0.998 0.999 0.999 0.999 1.000 0.856 0.839 0.657 0.572 0.566 0.511 0.383 0.364 0.274 0.251
     29       0.907    0.649 0.761      0.822 0.830 0.832 0.833 0.856 1.000 0.999 0.952 0.913 0.910 0.882 0.805 0.793 0.731 0.715
     30       0.899    0.673 0.739      0.803 0.811 0.814 0.815 0.839 0.999 1.000 0.962 0.926 0.924 0.897 0.824 0.813 0.753 0.738
     31       1.000    0.850 0.526      0.609 0.620 0.623 0.624 0.657 0.952 0.962 1.000 0.994 0.993 0.984 0.948 0.941 0.905 0.894
     32       1.150    0.902 0.431      0.519 0.531 0.535 0.536 0.572 0.913 0.926 0.994 1.000 1.000 0.997 0.977 0.972 0.946 0.938
     33       1.165    0.905 0.425      0.513 0.525 0.529 0.530 0.566 0.910 0.924 0.993 1.000 1.000 0.998 0.978 0.974 0.948 0.940
     34       1.318    0.931 0.365      0.456 0.469 0.472 0.474 0.511 0.882 0.897 0.984 0.997 0.998 1.000 0.990 0.987 0.967 0.960
     35       2.020    0.974 0.228      0.324 0.337 0.341 0.343 0.383 0.805 0.824 0.948 0.977 0.978 0.990 1.000 1.000 0.993 0.990
     36       2.198    0.978 0.208      0.305 0.318 0.322 0.324 0.364 0.793 0.813 0.941 0.972 0.974 0.987 1.000 1.000 0.995 0.993
     37       3.948    0.993 0.114      0.213 0.227 0.231 0.232 0.274 0.731 0.753 0.905 0.946 0.948 0.967 0.993 0.995 1.000 1.000
     38       4.968    0.996 0.090      0.190 0.204 0.208 0.209 0.251 0.715 0.738 0.894 0.938 0.940 0.960 0.990 0.993 1.000 1.000

  R CORE   ENERGY   A0R/A00=1.000    R3= 0     2  
   2( 1)    0.732                    1.000 0.000
   2( 2)  487.921                    0.000 1.000

  R CORE   ENERGY   A0R/A00=1.000    R3= 0     2  
   3( 1)  488.652                    0.000 1.000

  R CORE   ENERGY   A0R/A00=1.000    R3= 0     2     4  
   4( 1)    2.438                    1.000 0.000 0.000

  R CORE   ENERGY   A0R/A00=1.000    R3= 0     2     4  
   5( 1)  490.847                    0.000 1.000 0.000

  R CORE   ENERGY   A0R/A00=1.000    R3= 0     2     4     6  
   6( 1)    5.121                    1.000 0.000 0.000 0.000

  R CORE   ENERGY   A0R/A00=1.000    R3= 0     2     4     6  
   7( 1)  494.017                    0.000 1.000 0.000 0.000

          AXIAL SYMMETRY => K RESTRICTED TO OMEGA

                     K
     S.P. ORB#: 24  2.50
     S.P. ORB#: 25  4.50
     S.P. ORB#: 26  0.50
     S.P. ORB#: 27  0.50
     S.P. ORB#: 28  2.50
     S.P. ORB#: 29  2.50
     S.P. ORB#: 30  0.50
     S.P. ORB#: 31 -3.50
     S.P. ORB#: 32 -5.50
     S.P. ORB#: 33 -1.50
     S.P. ORB#: 34 -3.50
     S.P. ORB#: 35  0.50
     S.P. ORB#: 36 -1.50
     S.P. ORB#: 37 -1.50
     S.P. ORB#: 38  4.50
 

             ENERGY    K= OMEGA
 
 I=  1/2- (1)  3.498  35: 0.999
 
 I=  1/2- (2)  4.781  27:-0.367
                      30: 0.930
 
 I=  1/2- (3)  5.749  26: 0.999
 
 I=  1/2- (4)  7.631  27: 0.930
                      30: 0.367
 
 I=  1/2- (5)147.468  33: 1.000

             ENERGY    K= OMEGA
 
 I=  3/2- (1)  3.567  35: 0.812
                      36: 0.584
 
 I=  3/2- (2)  3.808  26: 0.118
                      35:-0.578
                      36: 0.808

             ENERGY    K= OMEGA
 
 I=  5/2- (1)  2.739  29: 0.996
                      36: 0.081
 
 I=  5/2- (2)  4.145  26: 0.188
                      29: 0.075
                      35: 0.519
                      36:-0.830
 
 I=  5/2- (3)  4.679  27:-0.475
                      30: 0.750
                      33:-0.388
                      37:-0.246
 
 I=  5/2- (4)  4.727  26:-0.055
                      35:-0.842
                      36:-0.535
 
 I=  5/2- (5)  6.029  28: 0.116
                      30: 0.420
                      33: 0.892
                      37:-0.122

             ENERGY    K= OMEGA
 
 I=  7/2- (1)  2.855  24:-0.143
                      29: 0.200
                      31: 0.969
 
 I=  7/2- (2)  3.606  24:-0.061
                      29:-0.970
                      31: 0.191
                      36: 0.131
 
 I=  7/2- (3)  4.790  29: 0.089
                      35: 0.843
                      36: 0.527
 
 I=  7/2- (4)  5.271  24:-0.061
                      26: 0.226
                      29: 0.099
                      35:-0.514
                      36: 0.819
 
 I=  7/2- (5)  5.380  27: 0.343
                      28: 0.052
                      30: 0.855
                      33:-0.185
                      37: 0.336

             ENERGY    K= OMEGA
 
 I=  9/2- (1)  3.779  24:-0.205
                      25: 0.052
                      29: 0.239
                      31:-0.947
 
 I=  9/2- (2)  4.701  24: 0.092
                      29: 0.951
                      31: 0.219
                      36: 0.190
 
 I=  9/2- (3)  5.446  27: 0.511
                      30:-0.713
                      33: 0.367
                      37: 0.308
 
 I=  9/2- (4)  5.851  26:-0.299
                      29:-0.182
                      31:-0.057
                      35:-0.537
                      36: 0.763
 
 I=  9/2- (5)  6.282  28: 0.337
                      30: 0.074
                      33: 0.094
                      34:-0.818
                      37:-0.055
                      38: 0.448

             ENERGY    K= OMEGA
 
 I= 11/2- (1)  2.398  25: 0.132
                      32: 0.991
 
 I= 11/2- (2)  4.930  24:-0.254
                      25: 0.067
                      29: 0.253
                      31: 0.931
 
 I= 11/2- (3)  6.030  24: 0.116
                      29: 0.936
                      31:-0.219
                      35:-0.070
                      36:-0.237
 
 I= 11/2- (4)  6.401  27: 0.318
                      28: 0.252
                      30: 0.586
                      33:-0.210
                      34: 0.514
                      37: 0.283
                      38: 0.322
 
 I= 11/2- (5)  6.598  27: 0.262
                      28:-0.214
                      30: 0.550
                      33:-0.067
                      34:-0.602
                      37: 0.248
                      38:-0.393

             ENERGY    K= OMEGA
 
 I= 13/2- (1)  3.875  25:-0.190
                      32: 0.982
 
 I= 13/2- (2)  6.312  24:-0.295
                      25: 0.072
                      29: 0.255
                      31:-0.917
 
 I= 13/2- (3)  7.063  27: 0.236
                      28: 0.302
                      30:-0.283
                      33: 0.216
                      34:-0.696
                      37: 0.120
                      38: 0.477
 
 I= 13/2- (4)  7.169  27: 0.469
                      28:-0.127
                      30:-0.637
                      33: 0.280
                      34: 0.342
                      37: 0.325
                      38:-0.239
 
 I= 13/2- (5)  7.572  24: 0.135
                      26:-0.101
                      29: 0.902
                      31: 0.199
                      35:-0.115
                      36: 0.322

             ENERGY     K= 9/2
  32 LEVELS    TIME=  0.0 SEC



 ******************* EXCITATION ENERGIES, DOMINANT CONFIGURATION AND EXPECTATION VALUES (WITH S.P. UU+VV FACTORS) *******************

  NR  Eex(keV)  I   Kdom  NY    <Jz>  <Jx**2> <Jy**2> <Jz**2> <I.j>/|I|  <Rx**2> <Ry**2> <Rz**2> <R.j>/|R|  <HROTx> <HROTy> <HROTz>

   1    0.0  11/2- -11/2  32   -5.33    2.84    2.84   30.07    5.16       4.91    4.91    0.00   -1.57      0.599   0.599   0.000
   2  341.3   5/2-   5/2  29    2.47    6.29    6.29    6.22    2.13       7.47    7.47   -0.00   -3.23      0.911   0.911  -0.000
   3  457.1   7/2-  -7/2  31   -3.14    6.52    6.52   11.89    3.28       7.33    7.33   -0.00   -3.11      0.893   0.893  -0.000
   4 1100.4   1/2-   1/2  35    0.50    5.57    5.57    0.25    0.03       6.04    6.04   -0.00   -3.27      0.737   0.737  -0.000
   5 1169.6   3/2-   1/2  35   -0.18    5.57    5.57    0.93    0.94       6.09    6.09    0.00   -2.94      0.743   0.743   0.000
  
   6 1208.5   7/2-   5/2  29    2.21    6.27    6.27    6.40    1.62      10.91   10.91   -0.00   -2.68      1.330   1.330  -0.000
   7 1381.2   9/2-  -7/2  31   -2.88    6.59    6.59   11.67    2.82      10.78   10.78   -0.00   -2.33      1.314   1.314  -0.000
   8 1410.1   3/2-  -3/2  36   -0.81    5.61    5.61    1.56    0.78       6.75    6.75    0.00   -3.06      0.823   0.823   0.000
   9 1477.5  13/2- -11/2  32   -5.14    2.93    2.93   29.88    4.51      10.76   10.76    0.00   -0.92      1.312   1.312   0.000
  10 1747.2   5/2-  -3/2  36   -0.86    5.68    5.68    1.67    0.99       7.96    7.96    0.00   -2.53      0.971   0.971   0.000
  
  11 2281.0   5/2-   1/2  30    0.08   14.48   14.48    0.67    2.46      11.93   11.93   -0.00   -4.58      1.454   1.454  -0.000
  12 2303.6   9/2-   5/2  29    2.06    6.25    6.25    6.38    1.33      15.20   15.20   -0.00   -2.22      1.853   1.853  -0.000
  13 2329.5   5/2-   1/2  35   -0.07    5.58    5.58    0.84   -0.17      10.86   10.86    0.00   -2.68      1.325   1.325   0.000
  14 2383.7   1/2-   1/2  30    0.50   14.98   14.98    0.25    1.31      14.34   14.34    0.00   -5.43      1.748   1.748   0.000
  15 2392.1   7/2-   1/2  35   -0.04    5.58    5.58    0.87    0.69      11.17   11.17   -0.00   -1.97      1.362   1.362  -0.000
  
  16 2532.8  11/2-  -7/2  31   -2.69    6.65    6.65   11.52    2.53      15.16   15.16   -0.00   -1.76      1.848   1.848  -0.000
  17 2873.1   7/2-  -3/2  36   -0.82    5.72    5.72    1.68    0.49      12.48   12.48    0.00   -2.24      1.521   1.521   0.000
  18 2982.2   7/2-   1/2  30    0.21   18.09   18.09    0.57    2.71      15.52   15.52    0.00   -4.67      1.892   1.892   0.000
  19 3048.6   9/2-   1/2  30    0.04   14.36   14.36    0.73    2.58      14.25   14.25   -0.00   -3.11      1.737   1.737  -0.000
  20 3351.8   1/2-   1/2  26    0.50    7.99    7.99    0.25    0.62       7.95    7.95    0.00   -3.94      0.970   0.970   0.000
  
  21 3453.3   9/2-  -3/2  36   -0.61    5.84    5.84    1.67    0.86      14.76   14.76    0.00   -1.67      1.800   1.800   0.000
  22 3631.7   5/2-  -3/2  33   -1.09   16.92   16.92    1.95    0.81      19.88   19.88   -0.00   -5.30      2.424   2.424  -0.000
  23 3632.7  11/2-   5/2  29    1.98    6.24    6.24    6.29    1.14      20.46   20.46   -0.00   -1.87      2.494   2.494  -0.000
  24 3884.0   9/2-  -7/2  34   -1.17   21.33   21.33   12.99    4.73      16.65   16.65    0.00   -5.56      2.030   2.030   0.000
  25 3914.2  13/2-  -7/2  31   -2.55    6.72    6.72   11.40    2.33      20.49   20.49   -0.00   -1.33      2.499   2.499  -0.000
  
  26 4003.5  11/2-   1/2  30   -0.26   19.52   19.52    6.13    3.82      17.64   17.64   -0.00   -3.76      2.151   2.151  -0.000
  27 4200.5  11/2-  -7/2  34   -0.37   19.88   19.88    8.09    3.94      18.24   18.24    0.00   -4.02      2.224   2.224   0.000
  28 4665.0  13/2-  -7/2  34   -0.46   19.88   19.88   11.29    4.42      19.05   19.05    0.00   -3.27      2.322   2.322   0.000
  29 4771.4  13/2-   1/2  30   -0.08   15.65   15.65    3.26    3.04      20.44   20.44   -0.00   -2.09      2.493   2.493  -0.000
  30 5174.4  13/2-   5/2  29    1.80    6.21    6.21    5.95    1.04      26.31   26.31   -0.00   -1.53      3.208   3.208  -0.000
  
  31 5233.9   1/2-   1/2  27    0.50   15.86   15.86    0.25   -1.26      17.45   17.45    0.00   -5.60      2.128   2.128   0.000
  32*******   1/2-  -3/2  33    0.00    0.00    0.00    0.00   -0.00       0.00    0.00    0.00   -0.00      0.000   0.000   0.000
