1SPECTRUM OF (Z= 82 A=207) IN PARTICLE-ROTOR  MODEL WITH MODIFIED OSCILLATOR POTENTIAL


 PARITY=-   EPS= 0.427   GAMMA=  0.0   EPS4=0.000   EPS6=0.000   LEVELS:  24  25  26  27  28  29  30  31  32  33  34  35  36  37  38

 PAIRING FACTORS: GN0= 19.20  GN1=  7.40  IPAIR= 15 ***  E2PLUS(INPUT)=   0.730  E2PLUR(INPUT)=   0.000

 CORIOLIS ATTENUATION PARAMETERS:  CHSI=1.000  ETA=  1.00

 MOMENT OF INERTIA PARAMETERS:   A1=  0.122 MEV   A2=  0.122 MEV   A3=121.91923 MEV


 DELTA=0.848 MEV  LAMBDA=53.4877 MEV   HW0= 7.5830 MEV   LAMBDA/HW0= 7.0537

 E2ENERGY=0.730 MEV  HBAR**2/B=33807./A**(7/3)=5715.0/A**2 MEV

 IREC=0  =>  RECOIL TERMS j+j-, j+j+, jzjz, ETC TREATED AS ONE-BODY OPERATORS WITH UU+VV PAIRING FACTORS



 S. P. LEVEL   EQP       U     V        (UU + VV)**1.00

     24       4.270    0.100 0.995      1.000 1.000 0.999 0.998 0.997 0.991 0.928 0.862 0.799 0.644 0.397 0.336 0.315 0.253 0.232
     25       3.845    0.111 0.994      1.000 1.000 1.000 0.998 0.998 0.993 0.932 0.867 0.806 0.653 0.407 0.346 0.326 0.264 0.243
     26       3.190    0.134 0.991      0.999 1.000 1.000 0.999 0.999 0.995 0.940 0.879 0.820 0.671 0.428 0.368 0.348 0.286 0.266
     27       2.574    0.167 0.986      0.998 0.998 0.999 1.000 1.000 0.998 0.951 0.894 0.838 0.695 0.458 0.399 0.379 0.318 0.298
     28       2.448    0.176 0.984      0.997 0.998 0.999 1.000 1.000 0.999 0.954 0.898 0.843 0.701 0.466 0.407 0.387 0.327 0.306
     29       1.900    0.229 0.973      0.991 0.993 0.995 0.998 0.999 1.000 0.969 0.921 0.871 0.739 0.513 0.456 0.437 0.378 0.358
     30       1.032    0.464 0.886      0.928 0.932 0.940 0.951 0.954 0.969 1.000 0.989 0.966 0.883 0.710 0.663 0.646 0.595 0.578
     31       0.889    0.591 0.807      0.862 0.867 0.879 0.894 0.898 0.921 0.989 1.000 0.994 0.943 0.808 0.767 0.753 0.709 0.694
     32       0.851    0.678 0.735      0.799 0.806 0.820 0.838 0.843 0.871 0.966 0.994 1.000 0.975 0.869 0.834 0.822 0.784 0.770
     33       0.910    0.825 0.565      0.644 0.653 0.671 0.695 0.701 0.739 0.883 0.943 0.975 1.000 0.957 0.937 0.929 0.903 0.893
     34       1.469    0.953 0.303      0.397 0.407 0.428 0.458 0.466 0.513 0.710 0.808 0.869 0.957 1.000 0.998 0.996 0.988 0.985
     35       1.820    0.971 0.240      0.336 0.346 0.368 0.399 0.407 0.456 0.663 0.767 0.834 0.937 0.998 1.000 1.000 0.996 0.994
     36       1.986    0.976 0.219      0.315 0.326 0.348 0.379 0.387 0.437 0.646 0.753 0.822 0.929 0.996 1.000 1.000 0.998 0.996
     37       2.766    0.988 0.155      0.253 0.264 0.286 0.318 0.327 0.378 0.595 0.709 0.784 0.903 0.988 0.996 0.998 1.000 1.000
     38       3.194    0.991 0.134      0.232 0.243 0.266 0.298 0.306 0.358 0.578 0.694 0.770 0.893 0.985 0.994 0.996 1.000 1.000

  R CORE   ENERGY   A0R/A00=1.000    R3= 0     2  
   2( 1)    0.732                    1.000 0.000
   2( 2)  487.921                    0.000 1.000

  R CORE   ENERGY   A0R/A00=1.000    R3= 0     2  
   3( 1)  488.652                    0.000 1.000

  R CORE   ENERGY   A0R/A00=1.000    R3= 0     2     4  
   4( 1)    2.438                    1.000 0.000 0.000

  R CORE   ENERGY   A0R/A00=1.000    R3= 0     2     4  
   5( 1)  490.847                    0.000 1.000 0.000

  R CORE   ENERGY   A0R/A00=1.000    R3= 0     2     4     6  
   6( 1)    5.121                    1.000 0.000 0.000 0.000

  R CORE   ENERGY   A0R/A00=1.000    R3= 0     2     4     6  
   7( 1)  494.017                    0.000 1.000 0.000 0.000

          AXIAL SYMMETRY => K RESTRICTED TO OMEGA

                     K
     S.P. ORB#: 24  0.50
     S.P. ORB#: 25  0.50
     S.P. ORB#: 26 -5.50
     S.P. ORB#: 27 -1.50
     S.P. ORB#: 28  2.50
     S.P. ORB#: 29 -3.50
     S.P. ORB#: 30  2.50
     S.P. ORB#: 31  0.50
     S.P. ORB#: 32 -1.50
     S.P. ORB#: 33  0.50
     S.P. ORB#: 34 -3.50
     S.P. ORB#: 35 -3.50
     S.P. ORB#: 36  4.50
     S.P. ORB#: 37  0.50
     S.P. ORB#: 38 -1.50
 

             ENERGY    K= OMEGA
 
 I=  1/2- (1)  2.222  31:-0.999
 
 I=  1/2- (2)  3.716  25: 0.234
                      33:-0.920
                      37: 0.313
 
 I=  1/2- (3)  6.003  24: 0.999
 
 I=  1/2- (4)  6.776  25: 0.264
                      33:-0.250
                      37:-0.931
 
 I=  1/2- (5) 10.013  25:-0.936
                      33:-0.300
                      37:-0.185

             ENERGY    K= OMEGA
 
 I=  3/2- (1)  2.178  31: 0.437
                      32:-0.899
 
 I=  3/2- (2)  2.399  24: 0.185
                      31: 0.887
                      32: 0.424

             ENERGY    K= OMEGA
 
 I=  5/2- (1)  2.495  24: 0.241
                      31:-0.494
                      32:-0.834
 
 I=  5/2- (2)  3.402  24: 0.065
                      28: 0.058
                      31:-0.850
                      32: 0.519
 
 I=  5/2- (3)  3.837  25:-0.186
                      33: 0.825
                      37:-0.457
                      38:-0.274
 
 I=  5/2- (4)  4.248  28:-0.997
                      32: 0.067
 
 I=  5/2- (5)  5.850  25:-0.197
                      27: 0.584
                      30:-0.786

             ENERGY    K= OMEGA
 
 I=  7/2- (1)  2.377  28:-0.151
                      34: 0.988
 
 I=  7/2- (2)  3.414  28:-0.067
                      31:-0.618
                      32: 0.782
 
 I=  7/2- (3)  3.580  24: 0.323
                      28:-0.058
                      29:-0.053
                      31: 0.748
                      32: 0.575
 
 I=  7/2- (4)  3.819  28:-0.169
                      29:-0.982
                      32:-0.075
 
 I=  7/2- (5)  3.985  25: 0.067
                      27:-0.130
                      30:-0.150
                      33:-0.875
                      35:-0.056
                      37:-0.250
                      38:-0.354

             ENERGY    K= OMEGA
 
 I=  9/2- (1)  2.900  28: 0.095
                      29:-0.207
                      34: 0.376
                      36: 0.898
 
 I=  9/2- (2)  3.478  28:-0.200
                      29:-0.124
                      32:-0.069
                      34:-0.895
                      36: 0.369
 
 I=  9/2- (3)  3.823  24: 0.369
                      31:-0.540
                      32:-0.750
                      34: 0.092
 
 I=  9/2- (4)  4.663  25: 0.120
                      27: 0.079
                      30:-0.153
                      33:-0.762
                      35: 0.078
                      37: 0.497
                      38: 0.349
 
 I=  9/2- (5)  4.978  28:-0.254
                      29: 0.937
                      31: 0.056
                      36: 0.234

             ENERGY    K= OMEGA
 
 I= 11/2- (1)  3.847  25: 0.491
                      27: 0.558
                      30: 0.480
                      33: 0.363
                      35: 0.211
                      37: 0.116
                      38: 0.165
 
 I= 11/2- (2)  4.037  26:-0.094
                      28:-0.139
                      29:-0.273
                      34: 0.436
                      36:-0.841
 
 I= 11/2- (3)  4.533  26:-0.992
                      34:-0.115
 
 I= 11/2- (4)  4.803  26:-0.087
                      28:-0.233
                      29: 0.183
                      32: 0.060
                      34: 0.847
                      36: 0.429
 
 I= 11/2- (5)  5.238  25:-0.340
                      27:-0.201
                      30:-0.158
                      33: 0.767
                      35:-0.089
                      37: 0.288
                      38: 0.375

             ENERGY    K= OMEGA
 
 I= 13/2- (1)  5.415  26: 0.093
                      28:-0.176
                      29: 0.317
                      34:-0.464
                      36:-0.801
 
 I= 13/2- (2)  5.642  25:-0.175
                      27: 0.557
                      30:-0.673
                      33:-0.196
                      35: 0.372
                      37: 0.091
                      38: 0.141
 
 I= 13/2- (3)  5.984  24: 0.446
                      26:-0.070
                      28:-0.081
                      31:-0.537
                      32:-0.694
                      34:-0.076
                      36: 0.113
 
 I= 13/2- (4)  6.117  26:-0.983
                      32: 0.057
                      34:-0.155
 
 I= 13/2- (5)  6.369  24: 0.064
                      26:-0.142
                      28: 0.245
                      29: 0.224
                      31:-0.085
                      32:-0.079
                      34: 0.810
                      36:-0.442

             ENERGY     K=-3/2
  32 LEVELS    TIME=  0.0 SEC



 ******************* EXCITATION ENERGIES, DOMINANT CONFIGURATION AND EXPECTATION VALUES (WITH S.P. UU+VV FACTORS) *******************

  NR  Eex(keV)  I   Kdom  NY    <Jz>  <Jx**2> <Jy**2> <Jz**2> <I.j>/|I|  <Rx**2> <Ry**2> <Rz**2> <R.j>/|R|  <HROTx> <HROTy> <HROTz>

   1    0.0   3/2-  -3/2  32   -1.12    5.10    5.10    1.87    1.29       5.40    5.40    0.00   -2.91      0.658   0.658   0.000
   2   44.2   1/2-   1/2  31    0.50    5.11    5.11    0.25    0.20       5.43    5.43   -0.00   -3.12      0.662   0.662  -0.000
   3  198.4   7/2-  -7/2  34   -3.36    2.32    2.32   12.11    3.18       3.63    3.63    0.00   -1.53      0.443   0.443   0.000
   4  220.4   3/2-   1/2  31    0.14    5.01    5.01    0.61    0.75       5.74    5.74    0.00   -2.71      0.700   0.700   0.000
   5  316.9   5/2-  -3/2  32   -0.89    5.30    5.30    1.65    1.56       5.88    5.88    0.00   -2.23      0.717   0.717   0.000
  
   6  722.4   9/2-   9/2  36    3.01    2.58    2.58   18.65    4.07       4.05    4.05    0.00   -1.26      0.494   0.494   0.000
   7 1223.8   5/2-   1/2  31   -0.03    5.13    5.13    0.81   -0.12      10.27   10.27    0.00   -2.52      1.252   1.252   0.000
   8 1235.5   7/2-  -3/2  32   -0.72    5.09    5.09    1.52    0.84      10.41   10.41    0.00   -1.84      1.269   1.269   0.000
   9 1300.1   9/2-  -7/2  34   -2.16    2.42    2.42   13.02    2.72       7.77    7.77    0.00   -1.10      0.947   0.947   0.000
  10 1402.1   7/2-   1/2  31   -0.17    5.11    5.11    0.97    0.97       9.61    9.61    0.00   -1.67      1.172   1.172   0.000
  
  11 1537.9   1/2-   1/2  33    0.50   10.52   10.52    0.25    1.06      10.10   10.10   -0.00   -4.53      1.232   1.232  -0.000
  12 1641.3   7/2-  -7/2  29   -3.32    6.27    6.27   12.02    3.11       7.83    7.83    0.00   -3.09      0.955   0.955   0.000
  13 1644.4   9/2-  -3/2  32   -0.66    5.50    5.50    1.50    1.69      10.20   10.20    0.00   -0.90      1.244   1.244   0.000
  14 1658.9   5/2-   1/2  33    0.35   11.15   11.15    0.40    2.18       9.28    9.28    0.00   -3.77      1.132   1.132   0.000
  15 1668.7  11/2-  -3/2  27    0.11   23.59   23.59    2.84    6.11       6.38    6.38    0.00   -3.78      0.777   0.777   0.000
  
  16 1807.1   7/2-   1/2  33    0.25   15.05   15.05    0.71    3.15      10.77   10.77    0.00   -3.94      1.313   1.313   0.000
  17 1858.9  11/2-   9/2  36    2.26    2.77    2.77   17.94    3.49       8.76    8.76    0.00   -0.63      1.068   1.068   0.000
  18 2070.0   5/2-   5/2  28    2.48    6.10    6.10    6.23    2.09       7.42    7.42   -0.00   -3.18      0.904   0.904  -0.000
  19 2354.9  11/2- -11/2  26   -5.45    2.75    2.75   29.96    5.02       5.62    5.62    0.00   -1.63      0.685   0.685   0.000
  20 2485.0   9/2-   1/2  33    0.27   12.38   12.38    0.72    2.61      12.12   12.12    0.00   -2.54      1.478   1.478   0.000
  
  21 2625.0  11/2-  -7/2  34   -1.71    2.51    2.51   13.49    2.37      12.96   12.96    0.00   -0.85      1.580   1.580   0.000
  22 2800.2   9/2-  -7/2  29   -2.66    6.03    6.03   12.26    2.43      12.47   12.47    0.00   -2.46      1.521   1.521   0.000
  23 3060.4  11/2-   1/2  33    0.16   13.06   13.06    0.86    2.89      14.10   14.10   -0.00   -1.83      1.719   1.719  -0.000
  24 3236.8  13/2-   9/2  36    1.81    2.94    2.94   17.31    3.08      14.46   14.46    0.00   -0.31      1.763   1.763   0.000
  25 3463.9  13/2-   5/2  30    0.19   23.21   23.21    5.29    4.91      15.92   15.92    0.00   -3.08      1.941   1.941   0.000
  
  26 3672.1   5/2-   5/2  30    1.06   23.30   23.30    4.64    4.34      17.16   17.16    0.00   -6.56      2.092   2.092   0.000
  27 3806.1  13/2-  -3/2  32   -0.46    5.64    5.64    1.74    1.84      18.05   18.05    0.00   -0.03      2.200   2.200   0.000
  28 3824.4   1/2-   1/2  24    0.50    7.19    7.19    0.25    0.63       7.14    7.14    0.00   -3.73      0.870   0.870   0.000
  29 3938.9  13/2- -11/2  26   -5.39    2.77    2.77   29.55    4.25      12.23   12.23    0.00   -1.09      1.491   1.491   0.000
  30 4191.1  13/2-  -7/2  34   -1.56    2.64    2.64   13.62    2.10      19.20   19.20    0.00   -0.69      2.340   2.340   0.000
  
  31 4597.4   1/2-   1/2  37    0.50   15.73   15.73    0.25   -0.44      16.61   16.61   -0.00   -5.57      2.025   2.025  -0.000
  32 7834.9   1/2-   1/2  25    0.50   23.01   23.01    0.25   -3.49      26.53   26.53    0.00   -6.77      3.235   3.235   0.000
