1SPECTRUM OF (Z= 82 A=207) IN PARTICLE-ROTOR  MODEL WITH MODIFIED OSCILLATOR POTENTIAL


 PARITY=-   EPS= 0.485   GAMMA=  0.0   EPS4=0.000   EPS6=0.000   LEVELS:  24  25  26  27  28  29  30  31  32  33  34  35  36  37  38

 PAIRING FACTORS: GN0= 19.20  GN1=  7.40  IPAIR= 15 ***  E2PLUS(INPUT)=   0.730  E2PLUR(INPUT)=   0.000

 CORIOLIS ATTENUATION PARAMETERS:  CHSI=1.000  ETA=  1.00

 MOMENT OF INERTIA PARAMETERS:   A1=  0.122 MEV   A2=  0.122 MEV   A3=121.91924 MEV


 DELTA=0.849 MEV  LAMBDA=53.4385 MEV   HW0= 7.6388 MEV   LAMBDA/HW0= 6.9957

 E2ENERGY=0.730 MEV  HBAR**2/B=43615./A**(7/3)=7373.1/A**2 MEV

 IREC=0  =>  RECOIL TERMS j+j-, j+j+, jzjz, ETC TREATED AS ONE-BODY OPERATORS WITH UU+VV PAIRING FACTORS



 S. P. LEVEL   EQP       U     V        (UU + VV)**1.00

     24       4.833    0.088 0.996      1.000 1.000 0.999 0.992 0.988 0.973 0.966 0.950 0.609 0.538 0.343 0.302 0.257 0.252 0.225
     25       4.092    0.104 0.995      1.000 1.000 1.000 0.994 0.990 0.977 0.970 0.955 0.622 0.551 0.358 0.317 0.273 0.268 0.241
     26       3.488    0.123 0.992      0.999 1.000 1.000 0.996 0.993 0.981 0.974 0.961 0.636 0.566 0.375 0.335 0.290 0.285 0.259
     27       2.067    0.210 0.978      0.992 0.994 0.996 1.000 0.999 0.994 0.990 0.981 0.702 0.637 0.456 0.417 0.374 0.369 0.344
     28       1.815    0.241 0.971      0.988 0.990 0.993 0.999 1.000 0.997 0.994 0.987 0.724 0.661 0.484 0.446 0.403 0.398 0.373
     29       1.423    0.314 0.949      0.973 0.977 0.981 0.994 0.997 1.000 1.000 0.996 0.774 0.716 0.549 0.512 0.472 0.467 0.443
     30       1.317    0.343 0.939      0.966 0.970 0.974 0.990 0.994 1.000 1.000 0.999 0.793 0.738 0.575 0.538 0.498 0.494 0.470
     31       1.173    0.394 0.919      0.950 0.955 0.961 0.981 0.987 0.996 0.999 1.000 0.825 0.773 0.618 0.583 0.545 0.540 0.517
     32       0.937    0.844 0.537      0.609 0.622 0.636 0.702 0.724 0.774 0.793 0.825 1.000 0.996 0.954 0.940 0.923 0.921 0.910
     33       1.037    0.887 0.461      0.538 0.551 0.566 0.637 0.661 0.716 0.738 0.773 0.996 1.000 0.976 0.966 0.953 0.951 0.943
     34       1.696    0.966 0.259      0.343 0.358 0.375 0.456 0.484 0.549 0.575 0.618 0.954 0.976 1.000 0.999 0.996 0.995 0.992
     35       2.006    0.976 0.217      0.302 0.317 0.335 0.417 0.446 0.512 0.538 0.583 0.940 0.966 0.999 1.000 0.999 0.999 0.997
     36       2.521    0.985 0.171      0.257 0.273 0.290 0.374 0.403 0.472 0.498 0.545 0.923 0.953 0.996 0.999 1.000 1.000 0.999
     37       2.598    0.986 0.166      0.252 0.268 0.285 0.369 0.398 0.467 0.494 0.540 0.921 0.951 0.995 0.999 1.000 1.000 1.000
     38       3.089    0.990 0.139      0.225 0.241 0.259 0.344 0.373 0.443 0.470 0.517 0.910 0.943 0.992 0.997 0.999 1.000 1.000

  R CORE   ENERGY   A0R/A00=1.000    R3= 0     2  
   2( 1)    0.732                    1.000 0.000
   2( 2)  487.921                    0.000 1.000

  R CORE   ENERGY   A0R/A00=1.000    R3= 0     2  
   3( 1)  488.652                    0.000 1.000

  R CORE   ENERGY   A0R/A00=1.000    R3= 0     2     4  
   4( 1)    2.438                    1.000 0.000 0.000

  R CORE   ENERGY   A0R/A00=1.000    R3= 0     2     4  
   5( 1)  490.847                    0.000 1.000 0.000

  R CORE   ENERGY   A0R/A00=1.000    R3= 0     2     4     6  
   6( 1)    5.121                    1.000 0.000 0.000 0.000

  R CORE   ENERGY   A0R/A00=1.000    R3= 0     2     4     6  
   7( 1)  494.017                    0.000 1.000 0.000 0.000

          AXIAL SYMMETRY => K RESTRICTED TO OMEGA

                     K
     S.P. ORB#: 24  2.50
     S.P. ORB#: 25  0.50
     S.P. ORB#: 26 -1.50
     S.P. ORB#: 27 -5.50
     S.P. ORB#: 28  2.50
     S.P. ORB#: 29  2.50
     S.P. ORB#: 30 -3.50
     S.P. ORB#: 31  0.50
     S.P. ORB#: 32  0.50
     S.P. ORB#: 33 -1.50
     S.P. ORB#: 34 -3.50
     S.P. ORB#: 35  0.50
     S.P. ORB#: 36 -3.50
     S.P. ORB#: 37 -1.50
     S.P. ORB#: 38  4.50
 

             ENERGY    K= OMEGA
 
 I=  1/2- (1)  2.322  32: 0.999
 
 I=  1/2- (2)  4.390  31:-0.919
                      35: 0.394
 
 I=  1/2- (3)  5.898  25: 0.999
 
 I=  1/2- (4)  6.309  31: 0.394
                      35: 0.919
 
 I=  1/2- (5)147.340  33: 1.000

             ENERGY    K= OMEGA
 
 I=  3/2- (1)  2.366  32: 0.694
                      33:-0.720
 
 I=  3/2- (2)  2.590  25:-0.141
                      32:-0.711
                      33:-0.689

             ENERGY    K= OMEGA
 
 I=  5/2- (1)  2.805  25: 0.194
                      28:-0.095
                      32:-0.516
                      33:-0.827
 
 I=  5/2- (2)  3.512  25:-0.059
                      28:-0.413
                      32: 0.786
                      33:-0.454
 
 I=  5/2- (3)  3.647  28:-0.905
                      32:-0.305
                      33: 0.296
 
 I=  5/2- (4)  4.738  26: 0.126
                      29:-0.107
                      31:-0.822
                      35: 0.486
                      37: 0.246
 
 I=  5/2- (5)  6.390  26: 0.476
                      29:-0.840
                      35:-0.257

             ENERGY    K= OMEGA
 
 I=  7/2- (1)  2.986  24:-0.227
                      28: 0.079
                      30: 0.962
                      33: 0.096
                      36: 0.081
 
 I=  7/2- (2)  3.374  28: 0.336
                      30: 0.067
                      32: 0.071
                      33:-0.128
                      36:-0.928
 
 I=  7/2- (3)  3.569  30:-0.073
                      32:-0.760
                      33: 0.620
                      36:-0.166
 
 I=  7/2- (4)  3.932  24: 0.058
                      25:-0.254
                      28: 0.137
                      30: 0.050
                      32:-0.615
                      33:-0.722
                      36: 0.108
 
 I=  7/2- (5)  4.635  24:-0.060
                      28:-0.926
                      30: 0.105
                      33:-0.178
                      36:-0.305

             ENERGY    K= OMEGA
 
 I=  9/2- (1)  3.431  24:-0.247
                      28: 0.113
                      30:-0.784
                      33:-0.086
                      36: 0.099
                      38: 0.542
 
 I=  9/2- (2)  4.203  24:-0.144
                      25: 0.184
                      28:-0.267
                      30:-0.235
                      32:-0.309
                      33:-0.499
                      36:-0.596
                      38:-0.344
 
 I=  9/2- (3)  4.391  25: 0.246
                      28: 0.097
                      30: 0.275
                      32:-0.451
                      33:-0.580
                      36: 0.531
                      38: 0.176
 
 I=  9/2- (4)  4.584  24: 0.129
                      28:-0.337
                      30: 0.372
                      36:-0.427
                      38: 0.740
 
 I=  9/2- (5)  5.472  26: 0.412
                      29:-0.551
                      31:-0.555
                      34: 0.301
                      35: 0.275
                      37: 0.229

             ENERGY    K= OMEGA
 
 I= 11/2- (1)  3.406  27:-0.999
 
 I= 11/2- (2)  4.299  24:-0.297
                      28: 0.127
                      30: 0.786
                      33: 0.087
                      36:-0.113
                      38: 0.506
 
 I= 11/2- (3)  5.446  24: 0.169
                      28: 0.359
                      30:-0.258
                      32: 0.159
                      33:-0.313
                      36:-0.749
                      38: 0.302
 
 I= 11/2- (4)  5.534  26:-0.452
                      29:-0.537
                      31:-0.577
                      34:-0.274
                      35:-0.222
                      37:-0.224
 
 I= 11/2- (5)  5.773  25: 0.096
                      28:-0.057
                      30: 0.119
                      32: 0.814
                      33:-0.471
                      36: 0.297

             ENERGY    K= OMEGA
 
 I= 13/2- (1)  4.987  27:-0.995
                      30:-0.063
                      38: 0.072
 
 I= 13/2- (2)  5.423  24:-0.339
                      27: 0.095
                      28: 0.129
                      30:-0.782
                      33:-0.115
                      36: 0.113
                      38: 0.469
 
 I= 13/2- (3)  6.553  26: 0.504
                      29:-0.664
                      31:-0.356
                      34: 0.366
                      35: 0.123
                      37: 0.173
 
 I= 13/2- (4)  6.638  24:-0.114
                      25: 0.338
                      28:-0.252
                      32:-0.463
                      33:-0.658
                      36:-0.344
                      38:-0.207
 
 I= 13/2- (5)  7.033  24: 0.125
                      25: 0.196
                      28: 0.315
                      30: 0.281
                      32:-0.303
                      33:-0.290
                      36: 0.748
                      38: 0.179

             ENERGY     K= 9/2
  32 LEVELS    TIME=  0.0 SEC



 ******************* EXCITATION ENERGIES, DOMINANT CONFIGURATION AND EXPECTATION VALUES (WITH S.P. UU+VV FACTORS) *******************

  NR  Eex(keV)  I   Kdom  NY    <Jz>  <Jx**2> <Jy**2> <Jz**2> <I.j>/|I|  <Rx**2> <Ry**2> <Rz**2> <R.j>/|R|  <HROTx> <HROTy> <HROTz>

   1    0.0   1/2-   1/2  32    0.50    5.26    5.26    0.25    0.12       5.66    5.66    0.00   -3.17      0.690   0.690   0.000
   2   43.8   3/2-  -3/2  33   -0.54    5.25    5.25    1.29    1.10       5.64    5.64   -0.00   -2.88      0.688   0.688  -0.000
   3  267.9   3/2-   1/2  32   -0.45    5.26    5.26    1.20    0.73       6.33    6.33   -0.00   -2.90      0.771   0.771  -0.000
   4  482.2   5/2-  -3/2  33   -0.85    5.39    5.39    1.69    1.28       6.82    6.82   -0.00   -2.35      0.831   0.831  -0.000
   5  664.2   7/2-  -7/2  30   -3.13    6.40    6.40   11.80    3.56       6.07    6.07    0.00   -3.01      0.740   0.740   0.000
  
   6 1051.7   7/2-  -7/2  36   -2.77    2.82    2.82   11.35    3.12       3.98    3.98    0.00   -1.63      0.485   0.485   0.000
   7 1083.9  11/2- -11/2  27   -5.49    2.75    2.75   30.23    5.06       5.49    5.49    0.00   -1.65      0.669   0.669   0.000
   8 1108.8   9/2-  -7/2  30   -0.69    5.35    5.35   14.07    3.85       5.59    5.59   -0.00   -1.67      0.681   0.681  -0.000
   9 1189.4   5/2-   1/2  32    0.43    5.41    5.41    1.70    0.29       9.78    9.78   -0.00   -2.64      1.192   1.192  -0.000
  10 1246.9   7/2-   1/2  32   -0.39    5.16    5.16    1.43    0.84      10.40   10.40    0.00   -1.84      1.268   1.268   0.000
  
  11 1325.0   5/2-   5/2  28    1.96    5.98    5.98    5.34    1.66       8.12    8.12   -0.00   -3.08      0.990   0.990  -0.000
  12 1609.8   7/2-  -3/2  33   -0.56    5.32    5.32    1.60    0.74      11.04   11.04   -0.00   -1.97      1.346   1.346  -0.000
  13 1880.4   9/2-  -7/2  36   -0.98    4.01    4.01    8.60    2.39       8.82    8.82   -0.00   -1.13      1.075   1.075  -0.000
  14 1976.6  11/2-  -7/2  30   -0.81    5.57    5.57   13.61    3.55       9.00    9.00   -0.00   -0.83      1.097   1.097  -0.000
  15 2068.2   1/2-   1/2  31    0.50   12.97   12.97    0.25    0.93      12.66   12.66    0.00   -5.04      1.544   1.544   0.000
  
  16 2068.5   9/2-  -3/2  33   -1.46    4.51    4.51    5.90    1.78      10.96   10.96    0.00   -1.29      1.336   1.336   0.000
  17 2261.6   9/2-   9/2  38    1.67    3.58    3.58   15.85    3.18       8.04    8.04   -0.00   -1.79      0.980   0.980  -0.000
  18 2312.8   7/2-   5/2  28    1.74    5.73    5.73    6.73    1.41      11.36   11.36    0.00   -2.64      1.385   1.385   0.000
  19 2415.4   5/2-   1/2  31    0.37   13.59   13.59    0.47    1.66      13.30   13.30    0.00   -4.41      1.621   1.621   0.000
  20 2664.6  13/2- -11/2  27   -5.43    2.77    2.77   30.11    4.33      11.96   11.96    0.00   -1.10      1.458   1.458   0.000
  
  21 3100.3  13/2-  -7/2  30   -0.93    5.76    5.76   13.21    3.33      13.46   13.46    0.00   -0.28      1.641   1.641   0.000
  22 3123.2  11/2-  -7/2  36   -1.53    3.41    3.41   10.75    2.29      12.96   12.96    0.00   -0.76      1.581   1.581   0.000
  23 3149.5   9/2-   1/2  31    0.30   18.96   18.96    3.60    3.66      14.94   14.94    0.00   -4.27      1.822   1.822   0.000
  24 3211.4  11/2-   1/2  31    0.27   19.79   19.79    3.39    4.07      15.03   15.03   -0.00   -3.40      1.832   1.832  -0.000
  25 3450.3  11/2-   1/2  32   -0.35    4.97    4.97    1.95    0.80      19.01   19.01    0.00   -1.15      2.318   2.318   0.000
  
  26 3575.6   1/2-   1/2  25    0.50    7.50    7.50    0.25    0.65       7.43    7.43   -0.00   -3.81      0.906   0.906  -0.000
  27 3986.6   1/2-   1/2  35    0.50   17.03   17.03    0.25   -0.75      18.18   18.18    0.00   -5.80      2.216   2.216   0.000
  28 4067.9   5/2-   5/2  29    1.45   22.23   22.23    4.94    3.65      18.29   18.29    0.00   -6.38      2.229   2.229   0.000
  29 4230.5  13/2-   5/2  29    0.28   21.39   21.39    5.06    4.24      18.68   18.68   -0.00   -2.98      2.278   2.278  -0.000
  30 4315.7  13/2-  -3/2  33   -0.52    5.16    5.16    3.87    1.62      20.14   20.14   -0.00   -0.45      2.455   2.455  -0.000
  
  31 4710.9  13/2-  -7/2  36   -1.87    3.65    3.65    9.42    1.85      19.82   19.82    0.00   -0.60      2.416   2.416   0.000
  32*******   1/2-  -3/2  33    0.00    0.00    0.00    0.00   -0.00       0.00    0.00    0.00   -0.00      0.000   0.000   0.000
