1SPECTRUM OF (Z= 82 A=207) IN PARTICLE-ROTOR  MODEL WITH MODIFIED OSCILLATOR POTENTIAL


 PARITY=-   EPS= 0.607   GAMMA=  0.0   EPS4=0.000   EPS6=0.000   LEVELS:  24  25  26  27  28  29  30  31  32  33  34  35  36  37  38

 PAIRING FACTORS: GN0= 19.20  GN1=  7.40  IPAIR= 15 ***  E2PLUS(INPUT)=   0.730  E2PLUR(INPUT)=   0.000

 CORIOLIS ATTENUATION PARAMETERS:  CHSI=1.000  ETA=  1.00

 MOMENT OF INERTIA PARAMETERS:   A1=  0.122 MEV   A2=  0.122 MEV   A3=121.91923 MEV


 DELTA=0.904 MEV  LAMBDA=53.6868 MEV   HW0= 7.7911 MEV   LAMBDA/HW0= 6.8908

 E2ENERGY=0.730 MEV  HBAR**2/B=68317./A**(7/3)=******/A**2 MEV

 IREC=0  =>  RECOIL TERMS j+j-, j+j+, jzjz, ETC TREATED AS ONE-BODY OPERATORS WITH UU+VV PAIRING FACTORS



 S. P. LEVEL   EQP       U     V        (UU + VV)**1.00

     24       4.517    0.101 0.995      1.000 1.000 1.000 1.000 0.998 0.847 0.761 0.641 0.570 0.484 0.450 0.335 0.315 0.213 0.193
     25       4.040    0.113 0.994      1.000 1.000 1.000 1.000 0.998 0.853 0.768 0.650 0.580 0.495 0.461 0.346 0.326 0.225 0.204
     26       3.828    0.119 0.993      1.000 1.000 1.000 1.000 0.999 0.857 0.772 0.655 0.585 0.500 0.466 0.352 0.332 0.231 0.211
     27       3.581    0.127 0.992      1.000 1.000 1.000 1.000 0.999 0.861 0.778 0.661 0.592 0.507 0.474 0.360 0.340 0.239 0.219
     28       2.699    0.170 0.985      0.998 0.998 0.999 0.999 1.000 0.882 0.804 0.693 0.626 0.544 0.511 0.400 0.380 0.281 0.261
     29       0.932    0.614 0.789      0.847 0.853 0.857 0.861 0.882 1.000 0.989 0.951 0.920 0.875 0.856 0.785 0.771 0.700 0.685
     30       0.905    0.722 0.692      0.761 0.768 0.772 0.778 0.804 0.989 1.000 0.986 0.967 0.936 0.922 0.867 0.856 0.796 0.784
     31       0.973    0.828 0.561      0.641 0.650 0.655 0.661 0.693 0.951 0.986 1.000 0.996 0.982 0.974 0.938 0.930 0.886 0.877
     32       1.066    0.875 0.485      0.570 0.580 0.585 0.592 0.626 0.920 0.967 0.996 1.000 0.995 0.990 0.965 0.959 0.924 0.916
     33       1.249    0.919 0.394      0.484 0.495 0.500 0.507 0.544 0.875 0.936 0.982 0.995 1.000 0.999 0.987 0.983 0.958 0.952
     34       1.353    0.934 0.358      0.450 0.461 0.466 0.474 0.511 0.856 0.922 0.974 0.990 0.999 1.000 0.992 0.989 0.968 0.963
     35       1.950    0.971 0.239      0.335 0.346 0.352 0.360 0.400 0.785 0.867 0.938 0.965 0.987 0.992 1.000 1.000 0.992 0.989
     36       2.126    0.976 0.218      0.315 0.326 0.332 0.340 0.380 0.771 0.856 0.930 0.959 0.983 0.989 1.000 1.000 0.994 0.992
     37       4.004    0.994 0.114      0.213 0.225 0.231 0.239 0.281 0.700 0.796 0.886 0.924 0.958 0.968 0.992 0.994 1.000 1.000
     38       4.881    0.996 0.093      0.193 0.204 0.211 0.219 0.261 0.685 0.784 0.877 0.916 0.952 0.963 0.989 0.992 1.000 1.000

  R CORE   ENERGY   A0R/A00=1.000    R3= 0     2  
   2( 1)    0.732                    1.000 0.000
   2( 2)  487.921                    0.000 1.000

  R CORE   ENERGY   A0R/A00=1.000    R3= 0     2  
   3( 1)  488.652                    0.000 1.000

  R CORE   ENERGY   A0R/A00=1.000    R3= 0     2     4  
   4( 1)    2.438                    1.000 0.000 0.000

  R CORE   ENERGY   A0R/A00=1.000    R3= 0     2     4  
   5( 1)  490.847                    0.000 1.000 0.000

  R CORE   ENERGY   A0R/A00=1.000    R3= 0     2     4     6  
   6( 1)    5.121                    1.000 0.000 0.000 0.000

  R CORE   ENERGY   A0R/A00=1.000    R3= 0     2     4     6  
   7( 1)  494.017                    0.000 1.000 0.000 0.000

          AXIAL SYMMETRY => K RESTRICTED TO OMEGA

                     K
     S.P. ORB#: 24  2.50
     S.P. ORB#: 25  4.50
     S.P. ORB#: 26  0.50
     S.P. ORB#: 27  0.50
     S.P. ORB#: 28  2.50
     S.P. ORB#: 29  2.50
     S.P. ORB#: 30  0.50
     S.P. ORB#: 31 -3.50
     S.P. ORB#: 32 -5.50
     S.P. ORB#: 33 -1.50
     S.P. ORB#: 34 -3.50
     S.P. ORB#: 35  0.50
     S.P. ORB#: 36 -1.50
     S.P. ORB#: 37 -1.50
     S.P. ORB#: 38 -3.50
 

             ENERGY    K= OMEGA
 
 I=  1/2- (1)  3.423  35: 0.999
 
 I=  1/2- (2)  4.782  27:-0.376
                      30: 0.926
 
 I=  1/2- (3)  5.756  26: 0.999
 
 I=  1/2- (4)  7.446  27: 0.926
                      30: 0.376
 
 I=  1/2- (5)147.552  33: 1.000

             ENERGY    K= OMEGA
 
 I=  3/2- (1)  3.492  35: 0.809
                      36: 0.588
 
 I=  3/2- (2)  3.733  26: 0.118
                      35:-0.582
                      36: 0.805

             ENERGY    K= OMEGA
 
 I=  5/2- (1)  2.762  29: 0.996
                      36: 0.083
 
 I=  5/2- (2)  4.065  26: 0.187
                      29: 0.078
                      35: 0.521
                      36:-0.828
 
 I=  5/2- (3)  4.652  26:-0.054
                      35:-0.841
                      36:-0.536
 
 I=  5/2- (4)  4.688  27: 0.476
                      30:-0.761
                      33:-0.356
                      37: 0.259
 
 I=  5/2- (5)  6.086  28: 0.120
                      30: 0.395
                      33:-0.902
                      37:-0.121

             ENERGY    K= OMEGA
 
 I=  7/2- (1)  2.817  24:-0.149
                      29: 0.191
                      31: 0.970
 
 I=  7/2- (2)  3.466  24:-0.058
                      29:-0.942
                      31: 0.179
                      36: 0.118
                      38: 0.250
 
 I=  7/2- (3)  4.712  29:-0.073
                      35:-0.838
                      36:-0.536
 
 I=  7/2- (4)  5.189  24:-0.062
                      26: 0.226
                      29: 0.073
                      35:-0.522
                      36: 0.814
                      38:-0.070
 
 I=  7/2- (5)  5.350  27:-0.336
                      30:-0.858
                      33:-0.153
                      37:-0.353

             ENERGY    K= OMEGA
 
 I=  9/2- (1)  3.725  24:-0.211
                      25: 0.050
                      29: 0.264
                      31:-0.939
 
 I=  9/2- (2)  4.393  24: 0.093
                      29: 0.891
                      31: 0.246
                      36: 0.148
                      38: 0.335
 
 I=  9/2- (3)  5.456  27:-0.504
                      30: 0.724
                      33: 0.338
                      37:-0.327
 
 I=  9/2- (4)  5.749  24: 0.054
                      26:-0.297
                      29:-0.114
                      35:-0.535
                      36: 0.774
                      38:-0.093
 
 I=  9/2- (5)  6.453  25: 0.995
                      31: 0.054
                      38:-0.057

             ENERGY    K= OMEGA
 
 I= 11/2- (1)  2.298  25: 0.139
                      32: 0.990
 
 I= 11/2- (2)  4.853  24:-0.255
                      25: 0.061
                      29: 0.311
                      31: 0.909
                      38:-0.083
 
 I= 11/2- (3)  5.551  24:-0.124
                      29:-0.849
                      31: 0.288
                      36: 0.164
                      38: 0.387
 
 I= 11/2- (4)  6.439  27:-0.401
                      28:-0.078
                      30:-0.800
                      33:-0.186
                      34:-0.052
                      37:-0.394
 
 I= 11/2- (5)  6.912  26: 0.065
                      29:-0.085
                      35:-0.852
                      36:-0.502
                      38: 0.078

             ENERGY    K= OMEGA
 
 I= 13/2- (1)  3.760  25: 0.200
                      32:-0.980
 
 I= 13/2- (2)  6.207  24:-0.290
                      25: 0.063
                      29: 0.343
                      31:-0.884
                      38: 0.113
 
 I= 13/2- (3)  6.937  24: 0.153
                      25:-0.051
                      29: 0.811
                      31: 0.313
                      35:-0.052
                      36: 0.192
                      38: 0.420
 
 I= 13/2- (4)  7.155  27: 0.514
                      30:-0.706
                      33:-0.322
                      37: 0.365
 
 I= 13/2- (5)  8.357  26: 0.380
                      29: 0.132
                      31: 0.085
                      35: 0.529
                      36:-0.727
                      38: 0.136

             ENERGY     K=-7/2
  32 LEVELS    TIME=  0.0 SEC



 ******************* EXCITATION ENERGIES, DOMINANT CONFIGURATION AND EXPECTATION VALUES (WITH S.P. UU+VV FACTORS) *******************

  NR  Eex(keV)  I   Kdom  NY    <Jz>  <Jx**2> <Jy**2> <Jz**2> <I.j>/|I|  <Rx**2> <Ry**2> <Rz**2> <R.j>/|R|  <HROTx> <HROTy> <HROTz>

   1    0.0  11/2- -11/2  32   -5.31    2.85    2.85   30.05    5.17       4.82    4.82    0.00   -1.55      0.588   0.588   0.000
   2  463.5   5/2-   5/2  29    2.47    6.28    6.28    6.22    2.13       7.46    7.46    0.00   -3.23      0.909   0.909   0.000
   3  518.8   7/2-  -7/2  31   -3.15    6.52    6.52   11.90    3.30       7.24    7.24    0.00   -3.11      0.883   0.883   0.000
   4 1124.4   1/2-   1/2  35    0.50    5.55    5.55    0.25    0.03       6.02    6.02    0.00   -3.26      0.734   0.734   0.000
   5 1167.5   7/2-   5/2  29    1.87    5.98    5.98    6.76    2.01       9.25    9.25    0.00   -2.50      1.128   1.128   0.000
  
   6 1193.6   3/2-   1/2  35   -0.19    5.55    5.55    0.94    0.94       6.07    6.07    0.00   -2.93      0.740   0.740   0.000
   7 1426.2   9/2-  -7/2  31   -2.79    6.62    6.62   11.58    2.86      10.58   10.58    0.00   -2.31      1.290   1.290   0.000
   8 1434.3   3/2-  -3/2  36   -0.80    5.59    5.59    1.55    0.78       6.74    6.74    0.00   -3.06      0.821   0.821   0.000
   9 1461.7  13/2- -11/2  32   -5.10    2.95    2.95   29.84    4.54      10.56   10.56    0.00   -0.88      1.288   1.288   0.000
  10 1766.7   5/2-  -3/2  36   -0.86    5.66    5.66    1.67    1.00       7.92    7.92    0.00   -2.52      0.965   0.965   0.000
  
  11 2094.1   9/2-   5/2  29    1.38    5.75    5.75    7.20    1.93      12.11   12.11   -0.00   -1.84      1.476   1.476  -0.000
  12 2353.8   5/2-   1/2  35   -0.07    5.56    5.56    0.84   -0.16      10.85   10.85    0.00   -2.67      1.322   1.322   0.000
  13 2389.7   5/2-   1/2  30    0.11   14.53   14.53    0.64    2.44      11.99   11.99    0.00   -4.59      1.462   1.462   0.000
  14 2413.4   7/2-   1/2  35   -0.07    5.56    5.56    0.89    0.70      11.10   11.10    0.00   -1.96      1.353   1.353   0.000
  15 2483.4   1/2-   1/2  30    0.50   14.97   14.97    0.25    1.30      14.34   14.34    0.00   -5.43      1.749   1.749   0.000
  
  16 2554.4  11/2-  -7/2  31   -2.50    6.69    6.69   11.31    2.58      14.82   14.82    0.00   -1.71      1.807   1.807   0.000
  17 2890.6   7/2-  -3/2  36   -0.83    5.68    5.68    1.70    0.52      12.34   12.34    0.00   -2.21      1.504   1.504   0.000
  18 3051.5   7/2-   1/2  30    0.21   18.00   18.00    0.57    2.72      15.36   15.36    0.00   -4.65      1.872   1.872   0.000
  19 3157.4   9/2-   1/2  30    0.06   14.45   14.45    0.70    2.58      14.35   14.35    0.00   -3.13      1.750   1.750   0.000
  20 3252.5  11/2-   5/2  29    1.00    5.57    5.57    7.56    1.86      16.11   16.11   -0.00   -1.34      1.964   1.964  -0.000
  
  21 3451.0   9/2-  -3/2  36   -0.71    5.78    5.78    1.68    0.92      14.39   14.39    0.00   -1.61      1.755   1.755   0.000
  22 3458.0   1/2-   1/2  26    0.50    7.97    7.97    0.25    0.63       7.93    7.93    0.00   -3.93      0.966   0.966   0.000
  23 3787.5   5/2-  -3/2  33   -1.13   16.96   16.96    1.99    0.85      19.80   19.80   -0.00   -5.30      2.414   2.414  -0.000
  24 3908.7  13/2-  -7/2  31   -2.26    6.74    6.74   11.09    2.39      20.00   20.00   -0.00   -1.25      2.439   2.439  -0.000
  25 4140.5  11/2-   1/2  30    0.12   18.09   18.09    0.70    2.92      18.86   18.86    0.00   -3.16      2.299   2.299   0.000
  
  26 4154.7   9/2-   9/2  25    4.44    7.61    7.61   20.15    4.04       9.95    9.95    0.00   -3.42      1.213   1.213   0.000
  27 4613.3  11/2-   1/2  35   -0.02    5.55    5.55    0.91    0.63      20.08   20.08    0.00   -1.30      2.449   2.449   0.000
  28 4638.4  13/2-   5/2  29    0.70    5.46    5.46    7.76    1.80      21.16   21.16    0.00   -0.94      2.580   2.580   0.000
  29 4856.7  13/2-   1/2  30    0.03   14.45   14.45    0.73    2.62      20.89   20.89    0.00   -1.75      2.547   2.547   0.000
  30 5147.7   1/2-   1/2  27    0.50   15.83   15.83    0.25   -1.24      17.41   17.41    0.00   -5.59      2.122   2.122   0.000
  
  31 6058.9  13/2-  -3/2  36   -0.62    5.88    5.88    1.76    0.93      24.63   24.63    0.00   -1.00      3.003   3.003   0.000
  32*******   1/2-  -3/2  33    0.00    0.00    0.00    0.00   -0.00       0.00    0.00    0.00   -0.00      0.000   0.000   0.000
