1SPECTRUM OF (Z= 82 A=207) IN PARTICLE-ROTOR  MODEL WITH MODIFIED OSCILLATOR POTENTIAL


 PARITY=-   EPS= 0.520   GAMMA=  0.0   EPS4=0.000   EPS6=0.000   LEVELS:  24  25  26  27  28  29  30  31  32  33  34  35  36  37  38

 PAIRING FACTORS: GN0= 19.20  GN1=  7.40  IPAIR= 15 ***  E2PLUS(INPUT)=   0.730  E2PLUR(INPUT)=   0.000

 CORIOLIS ATTENUATION PARAMETERS:  CHSI=1.000  ETA=  1.00

 MOMENT OF INERTIA PARAMETERS:   A1=  0.122 MEV   A2=  0.122 MEV   A3=121.91924 MEV


 DELTA=0.843 MEV  LAMBDA=53.3909 MEV   HW0= 7.6773 MEV   LAMBDA/HW0= 6.9543

 E2ENERGY=0.730 MEV  HBAR**2/B=50137./A**(7/3)=8475.6/A**2 MEV

 IREC=0  =>  RECOIL TERMS j+j-, j+j+, jzjz, ETC TREATED AS ONE-BODY OPERATORS WITH UU+VV PAIRING FACTORS



 S. P. LEVEL   EQP       U     V        (UU + VV)**1.00

     24       4.654    0.091 0.996      1.000 1.000 1.000 0.986 0.985 0.974 0.973 0.916 0.462 0.415 0.356 0.350 0.278 0.220 0.201
     25       4.028    0.105 0.994      1.000 1.000 1.000 0.988 0.987 0.977 0.976 0.922 0.474 0.428 0.369 0.364 0.292 0.234 0.215
     26       3.930    0.108 0.994      1.000 1.000 1.000 0.988 0.988 0.978 0.976 0.923 0.477 0.431 0.372 0.366 0.294 0.237 0.217
     27       1.693    0.258 0.966      0.986 0.988 0.988 1.000 1.000 0.998 0.998 0.971 0.605 0.563 0.509 0.503 0.436 0.382 0.363
     28       1.672    0.261 0.965      0.985 0.987 0.988 1.000 1.000 0.998 0.998 0.972 0.608 0.566 0.512 0.507 0.440 0.385 0.367
     29       1.410    0.315 0.949      0.974 0.977 0.978 0.998 0.998 1.000 1.000 0.983 0.651 0.611 0.559 0.554 0.489 0.436 0.418
     30       1.392    0.320 0.948      0.973 0.976 0.976 0.998 0.998 1.000 1.000 0.984 0.655 0.615 0.563 0.558 0.493 0.441 0.423
     31       0.998    0.482 0.876      0.916 0.922 0.923 0.971 0.972 0.983 0.984 1.000 0.778 0.745 0.700 0.696 0.639 0.592 0.576
     32       1.202    0.925 0.379      0.462 0.474 0.477 0.605 0.608 0.651 0.655 0.778 1.000 0.999 0.993 0.993 0.980 0.967 0.962
     33       1.351    0.944 0.331      0.415 0.428 0.431 0.563 0.566 0.611 0.615 0.745 0.999 1.000 0.998 0.998 0.989 0.979 0.975
     34       1.624    0.963 0.270      0.356 0.369 0.372 0.509 0.512 0.559 0.563 0.700 0.993 0.998 1.000 1.000 0.997 0.990 0.987
     35       1.657    0.965 0.264      0.350 0.364 0.366 0.503 0.507 0.554 0.558 0.696 0.993 0.998 1.000 1.000 0.997 0.991 0.988
     36       2.265    0.982 0.190      0.278 0.292 0.294 0.436 0.440 0.489 0.493 0.639 0.980 0.989 0.997 0.997 1.000 0.998 0.997
     37       3.254    0.991 0.131      0.220 0.234 0.237 0.382 0.385 0.436 0.441 0.592 0.967 0.979 0.990 0.991 0.998 1.000 1.000
     38       3.833    0.994 0.111      0.201 0.215 0.217 0.363 0.367 0.418 0.423 0.576 0.962 0.975 0.987 0.988 0.997 1.000 1.000

  R CORE   ENERGY   A0R/A00=1.000    R3= 0     2  
   2( 1)    0.732                    1.000 0.000
   2( 2)  487.921                    0.000 1.000

  R CORE   ENERGY   A0R/A00=1.000    R3= 0     2  
   3( 1)  488.652                    0.000 1.000

  R CORE   ENERGY   A0R/A00=1.000    R3= 0     2     4  
   4( 1)    2.438                    1.000 0.000 0.000

  R CORE   ENERGY   A0R/A00=1.000    R3= 0     2     4  
   5( 1)  490.847                    0.000 1.000 0.000

  R CORE   ENERGY   A0R/A00=1.000    R3= 0     2     4     6  
   6( 1)    5.121                    1.000 0.000 0.000 0.000

  R CORE   ENERGY   A0R/A00=1.000    R3= 0     2     4     6  
   7( 1)  494.017                    0.000 1.000 0.000 0.000

          AXIAL SYMMETRY => K RESTRICTED TO OMEGA

                     K
     S.P. ORB#: 24  2.50
     S.P. ORB#: 25 -1.50
     S.P. ORB#: 26  0.50
     S.P. ORB#: 27  0.50
     S.P. ORB#: 28  2.50
     S.P. ORB#: 29  2.50
     S.P. ORB#: 30 -5.50
     S.P. ORB#: 31 -3.50
     S.P. ORB#: 32  0.50
     S.P. ORB#: 33 -1.50
     S.P. ORB#: 34  0.50
     S.P. ORB#: 35 -3.50
     S.P. ORB#: 36 -1.50
     S.P. ORB#: 37 -3.50
     S.P. ORB#: 38  4.50
 

             ENERGY    K= OMEGA
 
 I=  1/2- (1)  2.616  32:-0.999
 
 I=  1/2- (2)  4.794  27: 0.836
                      34:-0.549
 
 I=  1/2- (3)  5.774  26: 0.999
 
 I=  1/2- (4)  6.118  27: 0.549
                      34: 0.836
 
 I=  1/2- (5)147.654  33: 1.000

             ENERGY    K= OMEGA
 
 I=  3/2- (1)  2.679  32:-0.760
                      33: 0.650
 
 I=  3/2- (2)  2.922  26:-0.121
                      32:-0.643
                      33:-0.756

             ENERGY    K= OMEGA
 
 I=  5/2- (1)  3.131  24:-0.056
                      26: 0.132
                      29:-0.639
                      32:-0.371
                      33:-0.658
 
 I=  5/2- (2)  3.281  26: 0.120
                      29: 0.764
                      32:-0.397
                      33:-0.495
 
 I=  5/2- (3)  3.847  29: 0.081
                      32: 0.828
                      33:-0.552
 
 I=  5/2- (4)  5.147  25: 0.112
                      27:-0.773
                      28:-0.107
                      34: 0.556
                      36: 0.263
 
 I=  5/2- (5)  6.564  25: 0.455
                      27:-0.066
                      28:-0.818
                      34:-0.347

             ENERGY    K= OMEGA
 
 I=  7/2- (1)  2.714  24: 0.208
                      29:-0.106
                      31:-0.972
 
 I=  7/2- (2)  3.719  24:-0.059
                      29:-0.725
                      32:-0.222
                      33: 0.325
                      37: 0.560
 
 I=  7/2- (3)  3.909  29: 0.234
                      32:-0.775
                      33: 0.503
                      37:-0.293
 
 I=  7/2- (4)  4.337  24:-0.058
                      26: 0.216
                      29:-0.084
                      32: 0.557
                      33: 0.728
                      37:-0.320
 
 I=  7/2- (5)  4.601  26:-0.069
                      29:-0.631
                      31: 0.088
                      32:-0.107
                      33:-0.281
                      37:-0.705

             ENERGY    K= OMEGA
 
 I=  9/2- (1)  3.292  24:-0.264
                      29: 0.125
                      31:-0.892
                      38: 0.341
 
 I=  9/2- (2)  4.582  24: 0.098
                      26:-0.130
                      29: 0.646
                      31: 0.104
                      32: 0.225
                      33: 0.415
                      37: 0.556
                      38: 0.118
 
 I=  9/2- (3)  4.859  26:-0.253
                      29:-0.282
                      31:-0.116
                      32: 0.504
                      33: 0.656
                      37:-0.395
 
 I=  9/2- (4)  5.127  24: 0.108
                      29:-0.307
                      31: 0.272
                      37: 0.077
                      38: 0.902
 
 I=  9/2- (5)  5.860  25: 0.431
                      27:-0.478
                      28:-0.607
                      34: 0.218
                      35: 0.356
                      36: 0.206

             ENERGY    K= OMEGA
 
 I= 11/2- (1)  2.731  30:-1.000
 
 I= 11/2- (2)  4.155  24: 0.305
                      29:-0.134
                      31:-0.858
                      33:-0.051
                      37: 0.058
                      38:-0.383
 
 I= 11/2- (3)  5.759  24: 0.118
                      29: 0.668
                      31:-0.131
                      32: 0.188
                      33:-0.317
                      37:-0.612
                      38: 0.106
 
 I= 11/2- (4)  6.004  25:-0.476
                      27:-0.488
                      28:-0.589
                      34:-0.234
                      35:-0.313
                      36:-0.186
 
 I= 11/2- (5)  6.106  26:-0.078
                      29: 0.188
                      31:-0.084
                      32:-0.814
                      33: 0.467
                      37:-0.267

             ENERGY    K= OMEGA
 
 I= 13/2- (1)  4.313  30: 0.999
 
 I= 13/2- (2)  5.272  24:-0.338
                      29: 0.138
                      31:-0.837
                      33:-0.061
                      37: 0.070
                      38: 0.394
 
 I= 13/2- (3)  6.951  25: 0.509
                      27:-0.323
                      28:-0.680
                      34: 0.083
                      35: 0.379
                      36: 0.155
 
 I= 13/2- (4)  7.090  24:-0.126
                      26: 0.220
                      29:-0.563
                      31:-0.086
                      32:-0.308
                      33:-0.510
                      37:-0.495
                      38:-0.104
 
 I= 13/2- (5)  7.452  26: 0.295
                      29: 0.397
                      31: 0.148
                      32:-0.460
                      33:-0.536
                      37: 0.483

             ENERGY     K= 9/2
  32 LEVELS    TIME=  0.0 SEC



 ******************* EXCITATION ENERGIES, DOMINANT CONFIGURATION AND EXPECTATION VALUES (WITH S.P. UU+VV FACTORS) *******************

  NR  Eex(keV)  I   Kdom  NY    <Jz>  <Jx**2> <Jy**2> <Jz**2> <I.j>/|I|  <Rx**2> <Ry**2> <Rz**2> <R.j>/|R|  <HROTx> <HROTy> <HROTz>

   1    0.0   1/2-   1/2  32    0.50    5.35    5.35    0.25    0.08       5.78    5.78   -0.00   -3.20      0.705   0.705  -0.000
   2   63.3   3/2-   1/2  32   -0.34    5.34    5.34    1.09    1.02       5.79    5.79    0.00   -2.88      0.706   0.706   0.000
   3   97.9   7/2-  -7/2  31   -3.17    6.49    6.49   11.91    3.52       6.36    6.36    0.00   -3.06      0.776   0.776   0.001
   4  115.3  11/2- -11/2  30   -5.49    2.75    2.75   30.24    5.06       5.49    5.49    0.00   -1.66      0.669   0.669   0.000
   5  306.3   3/2-  -3/2  33   -0.64    5.36    5.36    1.39    0.72       6.54    6.54    0.00   -2.97      0.797   0.797   0.000
  
   6  515.2   5/2-  -3/2  33    0.46    5.72    5.72    3.59    1.63       7.06    7.06   -0.00   -2.71      0.861   0.861  -0.000
   7  665.4   5/2-   5/2  29    1.18    5.89    5.89    4.24    1.58       7.72    7.72   -0.00   -2.89      0.941   0.941  -0.000
   8  676.0   9/2-  -7/2  31   -2.05    6.13    6.13   12.65    3.59       6.97    6.97    0.00   -1.89      0.850   0.850   0.000
   9 1102.6   7/2-   5/2  29    0.09    4.79    4.79    7.42    2.33       7.12    7.12   -0.00   -2.05      0.867   0.867  -0.000
  10 1230.6   5/2-   1/2  32   -0.09    5.37    5.37    0.90   -0.14      10.62   10.62    0.00   -2.62      1.294   1.294   0.000
  
  11 1292.7   7/2-   1/2  32   -0.25    5.12    5.12    2.14    0.99      10.15   10.15   -0.00   -1.88      1.237   1.237  -0.000
  12 1538.9  11/2-  -7/2  31   -1.66    6.07    6.07   12.73    3.43       9.78    9.78    0.00   -0.98      1.192   1.192   0.000
  13 1697.4  13/2- -11/2  30   -5.48    2.75    2.75   30.21    4.34      11.96   11.96    0.00   -1.11      1.458   1.458   0.000
  14 1720.8   7/2-  -3/2  33   -0.95    5.12    5.12    2.60    0.81      11.10   11.10    0.00   -2.05      1.353   1.353   0.000
  15 1965.6   9/2-   5/2  29   -0.21    4.70    4.70    7.27    2.08      10.33   10.33   -0.00   -1.38      1.260   1.260  -0.000
  
  16 1984.6   7/2-  -7/2  37   -0.88    4.20    4.20    8.87    1.82       9.30    9.30   -0.00   -2.33      1.134   1.134  -0.000
  17 2178.1   1/2-   1/2  27    0.50   13.35   13.35    0.25    1.20      12.80   12.80    0.00   -5.12      1.561   1.561   0.000
  18 2243.4   9/2-  -3/2  33   -0.87    5.10    5.10    3.67    1.34      12.62   12.62   -0.00   -1.43      1.539   1.539  -0.000
  19 2511.4   9/2-   9/2  38    3.65    3.11    3.11   18.12    3.51       7.09    7.09    0.00   -1.83      0.864   0.864   0.000
  20 2530.8   5/2-   1/2  27    0.36   13.95   13.95    0.48    1.55      13.97   13.97    0.00   -4.50      1.703   1.703   0.000
  
  21 2656.0  13/2-  -7/2  31   -1.45    6.09    6.09   12.69    3.28      13.91   13.91    0.00   -0.37      1.696   1.696   0.000
  22 3142.8  11/2-   5/2  29   -0.30    4.47    4.47    8.14    1.95      14.78   14.78    0.00   -1.00      1.802   1.802   0.000
  23 3158.5   1/2-   1/2  26    0.50    7.65    7.65    0.25    0.66       7.58    7.58    0.00   -3.85      0.924   0.924   0.000
  24 3243.6   9/2-   5/2  28    0.27   19.85   19.85    4.44    3.85      15.27   15.27    0.00   -4.52      1.862   1.862   0.000
  25 3388.4  11/2-   5/2  28    0.28   20.30   20.30    4.04    4.13      15.49   15.49    0.00   -3.58      1.889   1.889   0.000
  
  26 3490.3  11/2-   1/2  32   -0.18    5.14    5.14    1.84    0.78      19.28   19.28   -0.00   -1.20      2.351   2.351  -0.000
  27 3502.5   1/2-   1/2  34    0.50   16.93   16.93    0.25   -1.05      18.35   18.35    0.00   -5.78      2.237   2.237   0.000
  28 3947.7   5/2-   5/2  28    1.42   21.71   21.71    4.68    3.49      18.09   18.09   -0.00   -6.28      2.205   2.205  -0.000
  29 4335.1  13/2-   5/2  28    0.28   21.37   21.37    5.31    4.20      19.09   19.09   -0.00   -3.03      2.327   2.327  -0.000
  30 4473.7  13/2-   5/2  29   -0.32    4.92    4.92    6.02    1.65      20.77   20.77    0.00   -0.67      2.533   2.533   0.000
  
  31 4836.3  13/2-  -3/2  33   -0.78    4.97    4.97    4.84    1.34      22.39   22.39   -0.00   -0.81      2.730   2.730  -0.000
  32*******   1/2-  -3/2  33    0.00    0.00    0.00    0.00   -0.00       0.00    0.00    0.00   -0.00      0.000   0.000   0.000
