1SPECTRUM OF (Z= 82 A=207) IN PARTICLE-ROTOR  MODEL WITH MODIFIED OSCILLATOR POTENTIAL


 PARITY=-   EPS= 0.636   GAMMA=  0.0   EPS4=0.000   EPS6=0.000   LEVELS:  24  25  26  27  28  29  30  31  32  33  34  35  36  37  38

 PAIRING FACTORS: GN0= 19.20  GN1=  7.40  IPAIR= 15 ***  E2PLUS(INPUT)=   0.730  E2PLUR(INPUT)=   0.000

 CORIOLIS ATTENUATION PARAMETERS:  CHSI=1.000  ETA=  1.00

 MOMENT OF INERTIA PARAMETERS:   A1=  0.122 MEV   A2=  0.122 MEV   A3=121.91923 MEV


 DELTA=0.875 MEV  LAMBDA=53.8026 MEV   HW0= 7.8354 MEV   LAMBDA/HW0= 6.8666

 E2ENERGY=0.730 MEV  HBAR**2/B=75001./A**(7/3)=******/A**2 MEV

 IREC=0  =>  RECOIL TERMS j+j-, j+j+, jzjz, ETC TREATED AS ONE-BODY OPERATORS WITH UU+VV PAIRING FACTORS



 S. P. LEVEL   EQP       U     V        (UU + VV)**1.00

     24       4.440    0.099 0.995      1.000 1.000 1.000 1.000 0.999 0.888 0.735 0.601 0.523 0.470 0.410 0.296 0.281 0.213 0.185
     25       4.220    0.104 0.995      1.000 1.000 1.000 1.000 0.999 0.890 0.739 0.606 0.527 0.475 0.415 0.301 0.286 0.218 0.190
     26       3.758    0.117 0.993      1.000 1.000 1.000 1.000 1.000 0.896 0.748 0.616 0.539 0.486 0.426 0.314 0.299 0.231 0.203
     27       3.695    0.119 0.993      1.000 1.000 1.000 1.000 1.000 0.897 0.749 0.617 0.540 0.488 0.428 0.316 0.300 0.233 0.205
     28       3.032    0.146 0.989      0.999 0.999 1.000 1.000 1.000 0.909 0.767 0.638 0.563 0.511 0.452 0.341 0.326 0.259 0.231
     29       0.957    0.546 0.838      0.888 0.890 0.896 0.897 0.909 1.000 0.965 0.901 0.856 0.823 0.783 0.702 0.691 0.638 0.616
     30       0.881    0.747 0.665      0.735 0.739 0.748 0.749 0.767 0.965 1.000 0.984 0.962 0.944 0.919 0.865 0.857 0.819 0.802
     31       0.986    0.855 0.519      0.601 0.606 0.616 0.617 0.638 0.901 0.984 1.000 0.996 0.988 0.975 0.941 0.936 0.909 0.896
     32       1.115    0.900 0.436      0.523 0.527 0.539 0.540 0.563 0.856 0.962 0.996 1.000 0.998 0.992 0.969 0.965 0.944 0.934
     33       1.244    0.925 0.380      0.470 0.475 0.486 0.488 0.511 0.823 0.944 0.988 0.998 1.000 0.998 0.982 0.979 0.963 0.954
     34       1.453    0.948 0.318      0.410 0.415 0.426 0.428 0.452 0.783 0.919 0.975 0.992 0.998 1.000 0.993 0.991 0.979 0.972
     35       2.229    0.980 0.200      0.296 0.301 0.314 0.316 0.341 0.702 0.865 0.941 0.969 0.982 0.993 1.000 1.000 0.996 0.993
     36       2.411    0.983 0.185      0.281 0.286 0.299 0.300 0.326 0.691 0.857 0.936 0.965 0.979 0.991 1.000 1.000 0.998 0.995
     37       3.821    0.993 0.115      0.213 0.218 0.231 0.233 0.259 0.638 0.819 0.909 0.944 0.963 0.979 0.996 0.998 1.000 1.000
     38       5.054    0.996 0.087      0.185 0.190 0.203 0.205 0.231 0.616 0.802 0.896 0.934 0.954 0.972 0.993 0.995 1.000 1.000

  R CORE   ENERGY   A0R/A00=1.000    R3= 0     2  
   2( 1)    0.732                    1.000 0.000
   2( 2)  487.921                    0.000 1.000

  R CORE   ENERGY   A0R/A00=1.000    R3= 0     2  
   3( 1)  488.652                    0.000 1.000

  R CORE   ENERGY   A0R/A00=1.000    R3= 0     2     4  
   4( 1)    2.438                    1.000 0.000 0.000

  R CORE   ENERGY   A0R/A00=1.000    R3= 0     2     4  
   5( 1)  490.847                    0.000 1.000 0.000

  R CORE   ENERGY   A0R/A00=1.000    R3= 0     2     4     6  
   6( 1)    5.121                    1.000 0.000 0.000 0.000

  R CORE   ENERGY   A0R/A00=1.000    R3= 0     2     4     6  
   7( 1)  494.017                    0.000 1.000 0.000 0.000

          AXIAL SYMMETRY => K RESTRICTED TO OMEGA

                     K
     S.P. ORB#: 24  2.50
     S.P. ORB#: 25  0.50
     S.P. ORB#: 26  0.50
     S.P. ORB#: 27  4.50
     S.P. ORB#: 28  2.50
     S.P. ORB#: 29  0.50
     S.P. ORB#: 30  2.50
     S.P. ORB#: 31 -1.50
     S.P. ORB#: 32 -3.50
     S.P. ORB#: 33 -3.50
     S.P. ORB#: 34 -5.50
     S.P. ORB#: 35  0.50
     S.P. ORB#: 36 -1.50
     S.P. ORB#: 37 -1.50
     S.P. ORB#: 38  4.50
 

             ENERGY    K= OMEGA
 
 I=  1/2- (1)  3.720  26:-0.052
                      35:-0.999
 
 I=  1/2- (2)  4.853  25: 0.349
                      29:-0.937
 
 I=  1/2- (3)  5.711  26: 0.999
                      35:-0.052
 
 I=  1/2- (4)  8.101  25: 0.937
                      29: 0.349
 
 I=  1/2- (5)147.289  31: 1.000

             ENERGY    K= OMEGA
 
 I=  3/2- (1)  3.789  35: 0.820
                      36: 0.572
 
 I=  3/2- (2)  4.028  26:-0.120
                      35: 0.566
                      36:-0.816

             ENERGY    K= OMEGA
 
 I=  5/2- (1)  2.718  30: 0.997
                      36: 0.076
 
 I=  5/2- (2)  4.376  26: 0.196
                      30: 0.070
                      35: 0.514
                      36:-0.831
 
 I=  5/2- (3)  4.696  25: 0.468
                      29:-0.699
                      31: 0.498
                      37: 0.209
 
 I=  5/2- (4)  4.948  26: 0.061
                      35: 0.844
                      36: 0.531
 
 I=  5/2- (5)  5.946  25:-0.075
                      28: 0.109
                      29: 0.512
                      31: 0.838
                      37:-0.133

             ENERGY    K= OMEGA
 
 I=  7/2- (1)  2.990  24:-0.125
                      30: 0.255
                      32: 0.959
 
 I=  7/2- (2)  3.595  24:-0.060
                      30:-0.959
                      32: 0.248
                      36: 0.122
 
 I=  7/2- (3)  5.012  30:-0.080
                      35:-0.848
                      36:-0.520
 
 I=  7/2- (4)  5.494  24:-0.066
                      26: 0.231
                      30: 0.095
                      35:-0.505
                      36: 0.823
 
 I=  7/2- (5)  5.499  25:-0.377
                      28:-0.074
                      29:-0.811
                      31: 0.341
                      33:-0.053
                      37:-0.276

             ENERGY    K= OMEGA
 
 I=  9/2- (1)  3.939  24:-0.180
                      27: 0.055
                      30: 0.301
                      32:-0.935
 
 I=  9/2- (2)  4.698  24:-0.094
                      30:-0.937
                      32:-0.285
                      36:-0.173
 
 I=  9/2- (3)  5.457  25: 0.522
                      28: 0.062
                      29:-0.669
                      31: 0.456
                      33:-0.060
                      37: 0.254
 
 I=  9/2- (4)  6.089  24: 0.059
                      26:-0.298
                      27: 0.292
                      30:-0.153
                      35:-0.508
                      36: 0.735
 
 I=  9/2- (5)  6.112  26: 0.091
                      27: 0.955
                      30: 0.054
                      32: 0.069
                      35: 0.157
                      36:-0.219

             ENERGY    K= OMEGA
 
 I= 11/2- (1)  2.726  27:-0.120
                      34:-0.993
 
 I= 11/2- (2)  5.121  24:-0.224
                      27: 0.070
                      30: 0.316
                      32: 0.919
 
 I= 11/2- (3)  6.033  24:-0.120
                      30:-0.923
                      32: 0.288
                      35: 0.055
                      36: 0.216
 
 I= 11/2- (4)  6.438  25: 0.247
                      28: 0.301
                      29: 0.378
                      31:-0.246
                      33: 0.669
                      37: 0.165
                      38: 0.413
 
 I= 11/2- (5)  6.700  25:-0.374
                      28: 0.119
                      29:-0.678
                      31: 0.209
                      33: 0.436
                      37:-0.271
                      38: 0.283

             ENERGY    K= OMEGA
 
 I= 13/2- (1)  4.232  27:-0.173
                      34: 0.985
 
 I= 13/2- (2)  6.536  24:-0.262
                      27: 0.078
                      30: 0.318
                      32:-0.907
 
 I= 13/2- (3)  7.035  25: 0.319
                      28: 0.282
                      29:-0.356
                      31: 0.306
                      33:-0.633
                      37: 0.135
                      38: 0.424
 
 I= 13/2- (4)  7.219  25:-0.447
                      28: 0.156
                      29: 0.555
                      31:-0.306
                      33:-0.458
                      37:-0.253
                      38: 0.316
 
 I= 13/2- (5)  7.587  24:-0.143
                      26: 0.080
                      30:-0.899
                      32:-0.274
                      35: 0.086
                      36:-0.283

             ENERGY     K= 9/2
  32 LEVELS    TIME=  0.0 SEC



 ******************* EXCITATION ENERGIES, DOMINANT CONFIGURATION AND EXPECTATION VALUES (WITH S.P. UU+VV FACTORS) *******************

  NR  Eex(keV)  I   Kdom  NY    <Jz>  <Jx**2> <Jy**2> <Jz**2> <I.j>/|I|  <Rx**2> <Ry**2> <Rz**2> <R.j>/|R|  <HROTx> <HROTy> <HROTz>

   1    0.0   5/2-   5/2  30    2.48    6.32    6.32    6.23    2.13       7.49    7.49    0.00   -3.24      0.914   0.914   0.000
   2    7.5  11/2- -11/2  34   -5.36    2.82    2.82   30.10    5.13       5.09    5.09    0.00   -1.59      0.620   0.620   0.001
   3  271.8   7/2-  -7/2  32   -3.02    6.52    6.52   11.77    3.21       7.54    7.54   -0.00   -3.11      0.919   0.919  -0.000
   4  876.6   7/2-   5/2  30    2.07    6.31    6.31    6.56    1.65      10.92   10.92    0.00   -2.70      1.332   1.332   0.000
   5 1001.5   1/2-   1/2  35    0.50    5.61    5.61    0.25    0.02       6.10    6.10    0.00   -3.28      0.743   0.743   0.000
  
   6 1070.7   3/2-   1/2  35   -0.15    5.61    5.61    0.90    0.93       6.15    6.15    0.00   -2.95      0.750   0.750   0.000
   7 1221.1   9/2-  -7/2  32   -2.74    6.57    6.57   11.53    2.72      11.20   11.20   -0.00   -2.36      1.365   1.365  -0.000
   8 1309.9   3/2-  -3/2  36   -0.83    5.66    5.66    1.58    0.79       6.79    6.79    0.00   -3.08      0.828   0.828   0.000
   9 1513.6  13/2- -11/2  34   -5.20    2.90    2.90   29.95    4.46      11.12   11.12    0.00   -0.98      1.356   1.356   0.001
  10 1657.7   5/2-  -3/2  36   -0.87    5.73    5.73    1.67    0.97       8.06    8.06    0.00   -2.55      0.983   0.983   0.000
  
  11 1977.4   5/2-   1/2  29   -0.08   14.47   14.47    0.84    2.51      11.85   11.85   -0.00   -4.59      1.444   1.444  -0.000
  12 1979.7   9/2-   5/2  30    1.89    6.30    6.30    6.61    1.36      15.24   15.24    0.00   -2.26      1.858   1.858   0.000
  13 2135.1   1/2-   1/2  29    0.50   14.99   14.99    0.25    1.32      14.35   14.35    0.00   -5.43      1.750   1.750   0.000
  14 2229.7   5/2-   1/2  35   -0.06    5.63    5.63    0.83   -0.17      10.91   10.91    0.00   -2.69      1.330   1.330   0.000
  15 2294.0   7/2-   1/2  35   -0.03    5.63    5.63    0.84    0.68      11.23   11.23    0.00   -1.98      1.369   1.369   0.000
  
  16 2402.6  11/2-  -7/2  32   -2.56    6.63    6.63   11.39    2.41      15.79   15.79   -0.00   -1.82      1.925   1.925  -0.000
  17 2738.7   9/2-   1/2  29   -0.05   14.25   14.25    0.88    2.63      13.98   13.98   -0.00   -3.08      1.705   1.705  -0.000
  18 2775.8   7/2-  -3/2  36   -0.83    5.78    5.78    1.69    0.49      12.56   12.56    0.00   -2.26      1.532   1.532   0.000
  19 2780.7   7/2-   1/2  29    0.11   18.26   18.26    0.70    2.70      15.77   15.77    0.00   -4.72      1.922   1.922   0.000
  20 2992.7   1/2-   1/2  26    0.50    8.06    8.06    0.25    0.61       8.02    8.02   -0.00   -3.95      0.978   0.978  -0.000
  
  21 3227.4   5/2-  -3/2  31   -0.92   16.78   16.78    1.76    0.69      19.99   19.99   -0.00   -5.26      2.438   2.438  -0.000
  22 3314.8  11/2-   5/2  30    1.81    6.29    6.29    6.56    1.16      20.51   20.51    0.00   -1.90      2.500   2.500   0.000
  23 3370.7   9/2-  -3/2  36   -0.19    6.05    6.05    3.21    1.12      14.46   14.46    0.00   -1.81      1.763   1.763   0.000
  24 3393.4   9/2-   9/2  27    4.04    7.47    7.47   18.64    3.77      10.40   10.40   -0.00   -3.25      1.267   1.267  -0.000
  25 3719.6  11/2-  -7/2  33   -0.60   20.34   20.34    9.75    4.34      17.17   17.17   -0.00   -4.18      2.093   2.093  -0.000
  
  26 3817.6  13/2-  -7/2  32   -2.43    6.68    6.68   11.29    2.20      21.33   21.33   -0.00   -1.42      2.601   2.601  -0.000
  27 3981.2  11/2-   1/2  29   -0.14   19.13   19.13    4.45    3.36      19.13   19.13    0.00   -3.65      2.332   2.332   0.000
  28 4316.9  13/2-  -7/2  33   -0.45   18.79   18.79    9.35    4.10      19.18   19.18   -0.00   -2.95      2.338   2.338  -0.000
  29 4500.6  13/2-   1/2  29   -0.21   16.43   16.43    5.23    3.34      20.11   20.11   -0.00   -2.33      2.452   2.452  -0.000
  30 4869.0  13/2-   5/2  30    1.70    6.28    6.28    6.32    1.05      26.50   26.50    0.00   -1.59      3.230   3.230   0.000
  
  31 5382.6   1/2-   1/2  25    0.50   15.93   15.93    0.25   -1.28      17.54   17.54    0.00   -5.61      2.139   2.139   0.000
  32*******   1/2-  -3/2  31    0.00    0.00    0.00    0.00    0.00       0.00    0.00   -0.00   -0.00      0.000   0.000  -0.000
