1SPECTRUM OF (Z= 79 A=197) IN PARTICLE-ROTOR  MODEL WITH MODIFIED OSCILLATOR POTENTIAL


 PARITY=+   EPS= 0.500   GAMMA= 60.0   EPS4=0.000   EPS6=0.000   LEVELS:  14  15  16  17  18  19  20  21  22  23  24  25  26  27  28

 PAIRING FACTORS: GN0= 19.20  GN1=  7.40  IPAIR= 15 ***  E2PLUS(INPUT)=   0.170  E2PLUR(INPUT)=   0.000

 CORIOLIS ATTENUATION PARAMETERS:  CHSI=1.000  ETA=  1.00

 MOMENT OF INERTIA PARAMETERS:   A1= 28.390 MEV   A2=  0.028 MEV   A3=  0.02839 MEV


 DELTA=0.918 MEV  LAMBDA=40.1916 MEV   HW0= 6.7523 MEV   LAMBDA/HW0= 5.9522

 E2ENERGY=0.170 MEV  HBAR**2/B= 9616./A**(7/3)=1652.7/A**2 MEV

 IREC=0  =>  RECOIL TERMS j+j-, j+j+, jzjz, ETC TREATED AS ONE-BODY OPERATORS WITH UU+VV PAIRING FACTORS



 S. P. LEVEL   EQP       U     V        (UU + VV)**1.00

     14       4.785    0.096 0.995      1.000 1.000 0.999 0.994 0.988 0.949 0.906 0.550 0.288 0.242 0.236 0.225 0.214 0.191 0.187
     15       3.953    0.117 0.993      1.000 1.000 1.000 0.996 0.991 0.956 0.915 0.567 0.308 0.262 0.256 0.245 0.234 0.211 0.208
     16       3.591    0.129 0.992      0.999 1.000 1.000 0.997 0.993 0.959 0.920 0.577 0.320 0.273 0.268 0.257 0.246 0.223 0.219
     17       2.303    0.204 0.979      0.994 0.996 0.997 1.000 0.999 0.978 0.947 0.637 0.390 0.345 0.340 0.329 0.319 0.296 0.293
     18       1.907    0.248 0.969      0.988 0.991 0.993 0.999 1.000 0.986 0.960 0.672 0.432 0.388 0.383 0.372 0.362 0.340 0.336
     19       1.241    0.404 0.915      0.949 0.956 0.959 0.978 0.986 1.000 0.993 0.784 0.574 0.534 0.529 0.520 0.510 0.490 0.486
     20       1.048    0.508 0.861      0.906 0.915 0.920 0.947 0.960 0.993 1.000 0.852 0.666 0.629 0.625 0.616 0.607 0.588 0.585
     21       1.111    0.884 0.467      0.550 0.567 0.577 0.637 0.672 0.784 0.852 1.000 0.958 0.943 0.941 0.938 0.934 0.925 0.923
     22       2.401    0.981 0.195      0.288 0.308 0.320 0.390 0.432 0.574 0.666 0.958 1.000 0.999 0.999 0.998 0.997 0.995 0.995
     23       3.155    0.989 0.147      0.242 0.262 0.273 0.345 0.388 0.534 0.629 0.943 0.999 1.000 1.000 1.000 1.000 0.999 0.998
     24       3.277    0.990 0.141      0.236 0.256 0.268 0.340 0.383 0.529 0.625 0.941 0.999 1.000 1.000 1.000 1.000 0.999 0.999
     25       3.550    0.991 0.130      0.225 0.245 0.257 0.329 0.372 0.520 0.616 0.938 0.998 1.000 1.000 1.000 1.000 0.999 0.999
     26       3.883    0.993 0.119      0.214 0.234 0.246 0.319 0.362 0.510 0.607 0.934 0.997 1.000 1.000 1.000 1.000 1.000 1.000
     27       4.819    0.995 0.096      0.191 0.211 0.223 0.296 0.340 0.490 0.588 0.925 0.995 0.999 0.999 0.999 1.000 1.000 1.000
     28       5.016    0.996 0.092      0.187 0.208 0.219 0.293 0.336 0.486 0.585 0.923 0.995 0.998 0.999 0.999 1.000 1.000 1.000

  R CORE   ENERGY   A0R/A00=1.000    R3= 0     2  
   2( 1)    0.170                   -0.500 0.866
   2( 2)  113.618                    0.866 0.500

  R CORE   ENERGY   A0R/A00=1.000    R3= 0     2  
   3( 1)  113.789                    0.000 1.000

  R CORE   ENERGY   A0R/A00=1.000    R3= 0     2     4  
   4( 1)    0.568                    0.375-0.559 0.740

  R CORE   ENERGY   A0R/A00=1.000    R3= 0     2     4  
   5( 1)  114.300                    0.000-0.500 0.866

  R CORE   ENERGY   A0R/A00=1.000    R3= 0     2     4     6  
   6( 1)    1.192                   -0.312 0.453-0.496 0.672

  R CORE   ENERGY   A0R/A00=1.000    R3= 0     2     4     6  
   7( 1)  115.038                    0.000 0.313-0.586 0.747
 

             ENERGY     K= 1/2
 
 I=  1/2+ (1)  1.415  20:-1.000
 
 I=  1/2+ (2)  3.822  16:-0.459
                      25:-0.888
 
 I=  1/2+ (3)  3.935  16: 0.888
                      25:-0.459
 
 I=  1/2+ (4)115.155  19: 1.000
 
 I=  1/2+ (5)115.760  18:-0.999

             ENERGY     K= 1/2  -3/2
 
 I=  3/2+ (1)  1.472  16:-0.030 0.053
                      20:-0.498 0.862
 
 I=  3/2+ (2)  1.618  19:-0.865-0.499
 
 I=  3/2+ (3)  3.451  15:-0.053-0.031
                      23:-0.864-0.499
 
 I=  3/2+ (4)  3.902  16: 0.279-0.483
                      25: 0.414-0.718
 
 I=  3/2+ (5)  4.022  15: 0.068 0.039
                      16: 0.411-0.711
                      20:-0.035 0.061
                      25:-0.279 0.483

             ENERGY     K= 5/2   1/2  -3/2
 
 I=  5/2+ (1)  1.606  16: 0.073-0.046 0.033
                      19:-0.099-0.062 0.132
                      20:-0.771 0.487-0.345
 
 I=  5/2+ (2)  1.744  19:-0.547-0.346 0.734
                      20: 0.144-0.091 0.064
 
 I=  5/2+ (3)  2.246  18:-0.249-0.788-0.557
 
 I=  5/2+ (4)  3.598  15: 0.042 0.027-0.056
                      23: 0.556 0.352-0.746
 
 I=  5/2+ (5)  4.050  15:-0.038-0.024 0.051
                      16:-0.364 0.230-0.163
                      25:-0.699 0.442-0.313

             ENERGY     K= 5/2   1/2  -3/2  -7/2
 
 I=  7/2+ (1)  1.740  15: 0.058-0.043 0.011 0.051
                      16: 0.035-0.047 0.061-0.094
                      19:-0.099 0.074-0.019-0.087
                      20: 0.271-0.364 0.470-0.717
 
 I=  7/2+ (2)  1.913  14: 0.053 0.024-0.055-0.028
                      19:-0.635 0.474-0.122-0.560
                      20:-0.046 0.062-0.080 0.123
 
 I=  7/2+ (3)  2.430  15: 0.059-0.044 0.011 0.052
                      18: 0.620 0.277-0.644-0.328
 
 I=  7/2+ (4)  3.803  15: 0.063-0.047 0.012 0.056
                      23: 0.643-0.479 0.124 0.567
 
 I=  7/2+ (5)  4.238  15:-0.057 0.043-0.011-0.051
                      16:-0.164 0.220-0.283 0.433
                      25:-0.225 0.301-0.389 0.594

             ENERGY     K= 9/2   5/2   1/2  -3/2  -7/2
 
 I=  9/2+ (1)  1.974  15:-0.056 0.000 0.030-0.049 0.056
                      16: 0.110-0.073 0.059-0.048 0.037
                      19:-0.199 0.000 0.106-0.174 0.199
                      20:-0.637 0.425-0.341 0.278-0.212
                      23: 0.051 0.000-0.027 0.045-0.051
                      25:-0.064 0.043-0.034 0.028-0.021
 
 I=  9/2+ (2)  2.151  14:-0.040-0.053 0.050-0.000-0.066
                      19: 0.527 0.000-0.282 0.460-0.527
                      20:-0.250 0.167-0.134 0.109-0.083
 
 I=  9/2+ (3)  2.669  15:-0.065-0.000 0.035-0.057 0.065
                      18:-0.370-0.493 0.461-0.000-0.616
                      20: 0.059-0.040 0.032-0.026 0.020
 
 I=  9/2+ (4)  3.006  22: 0.061 0.366 0.685 0.559 0.183
                      26: 0.037 0.124 0.047-0.114-0.087
                      28:-0.005-0.031-0.058-0.047-0.016
 
 I=  9/2+ (5)  4.068  15:-0.065 0.000 0.035-0.057 0.065
                      20:-0.054 0.036-0.029 0.024-0.018
                      23:-0.565 0.000 0.302-0.493 0.565

             ENERGY     K= 9/2   5/2   1/2  -3/2  -7/2 -11/2
 
 I= 11/2+ (1)  1.654  21: 0.101 0.393 0.657 0.556 0.227 0.031
                      22:-0.054-0.116-0.039 0.098 0.093 0.020
 
 I= 11/2+ (2)  2.186  15: 0.068-0.064 0.049-0.025-0.010 0.075
                      16: 0.038-0.050 0.059-0.070 0.086-0.127
                      18: 0.050-0.013-0.022 0.040-0.032-0.033
                      19:-0.142 0.134-0.102 0.052 0.021-0.157
                      20: 0.186-0.240 0.286-0.339 0.415-0.615
                      23:-0.056 0.053-0.040 0.020 0.008-0.062
                      25:-0.021 0.027-0.032 0.038-0.047 0.069
 
 I= 11/2+ (3)  2.417  14:-0.079 0.020 0.034-0.064 0.050 0.053
                      19: 0.482-0.456 0.347-0.176-0.072 0.533
                      20: 0.061-0.079 0.094-0.111 0.136-0.202
 
 I= 11/2+ (4)  2.961  15:-0.068 0.065-0.049 0.025 0.010-0.076
                      18:-0.593 0.153 0.256-0.476 0.371 0.393
                      20: 0.022-0.028 0.033-0.039 0.048-0.072
                      23: 0.049-0.046 0.035-0.018-0.007 0.054
 
 I= 11/2+ (5)  3.233  21: 0.017 0.064 0.108 0.091 0.037 0.005
                      22: 0.249 0.535 0.179-0.454-0.433-0.092
                      24:-0.034-0.132-0.221-0.187-0.076-0.010
                      26: 0.130 0.101-0.120-0.020 0.158 0.062
                      28:-0.026-0.056-0.019 0.047 0.045 0.010

             ENERGY     K=13/2   9/2   5/2   1/2  -3/2  -7/2 -11/2
 
 I= 13/2+ (1)  1.881  17:-0.004-0.035-0.105-0.163-0.141-0.067-0.014
                      21:-0.052-0.320-0.538-0.167 0.433 0.476 0.160
                      22: 0.036 0.137 0.073-0.113-0.033 0.139 0.089
 
 I= 13/2+ (2)  2.524  15:-0.069 0.016 0.013-0.034 0.048-0.057 0.058
                      16: 0.134-0.091 0.075-0.065 0.056-0.048 0.037
                      19:-0.249 0.056 0.047-0.120 0.174-0.206 0.208
                      20:-0.543 0.369-0.305 0.262-0.227 0.193-0.151
                      23: 0.063-0.014-0.012 0.030-0.044 0.052-0.053
                      25:-0.083 0.056-0.046 0.040-0.035 0.029-0.023
 
 I= 13/2+ (3)  2.720  17:-0.015-0.133-0.403-0.625-0.541-0.255-0.054
                      21: 0.013 0.077 0.130 0.040-0.105-0.115-0.039
                      22:-0.016-0.063-0.034 0.052 0.015-0.064-0.041
 
 I= 13/2+ (4)  2.771  14:-0.060-0.041 0.065-0.052 0.015 0.035-0.083
                      15:-0.052 0.012 0.010-0.025 0.036-0.043 0.043
                      18:-0.050-0.034 0.054-0.043 0.013 0.030-0.069
                      19: 0.482-0.109-0.090 0.233-0.336 0.399-0.401
                      20:-0.293 0.199-0.164 0.141-0.122 0.104-0.081
 
 I= 13/2+ (5)  3.311  15:-0.083 0.019 0.016-0.040 0.058-0.069 0.069
                      18:-0.404-0.275 0.439-0.351 0.101 0.239-0.561
                      20: 0.099-0.067 0.055-0.048 0.041-0.035 0.027
                      23: 0.057-0.013-0.011 0.027-0.039 0.047-0.047

             ENERGY     K=13/2   9/2   5/2   1/2  -3/2  -7/2 -11/2
  35 LEVELS    TIME=  0.0 SEC



 ******************* EXCITATION ENERGIES, DOMINANT CONFIGURATION AND EXPECTATION VALUES (WITH S.P. UU+VV FACTORS) *******************

  NR  Eex(keV)  I   Kdom  NY    <Jz>  <Jx**2> <Jy**2> <Jz**2> <I.j>/|I|  <Rx**2> <Ry**2> <Rz**2> <R.j>/|R|  <HROTx> <HROTy> <HROTz>

   1    0.0   1/2+   1/2  20    0.02    0.25    6.18    6.18    0.32      -0.00    6.41    6.41   -3.45     -0.000   0.182   0.182
   2   57.4   3/2+   3/2  20   -0.27    0.26    6.17    6.17    0.54       0.00    7.12    7.12   -3.06      0.000   0.202   0.202
   3  191.4   5/2+   5/2  20    0.23    0.33    6.18    6.18    0.61      -0.00    8.90    8.90   -2.58     -0.000   0.253   0.253
   4  203.6   3/2+   1/2  19    0.00    2.24    5.99    5.99    1.26      -0.00    6.54    6.54   -3.26     -0.000   0.186   0.186
   5  239.2  11/2+   1/2  21    0.00   29.84    8.18    8.18    5.45      -0.00    8.42    8.42   -3.33     -0.000   0.239   0.239
  
   6  325.2   7/2+   7/2  20   -0.47    0.34    6.13    6.13    0.92       0.00   10.52   10.52   -1.95      0.000   0.299   0.299
   7  328.8   5/2+   3/2  19   -0.03    2.19    5.99    5.99    0.98       0.00    8.57    8.57   -2.73      0.000   0.243   0.243
   8  466.2  13/2+   5/2  21    0.00   30.25    8.09    8.09    5.35       0.00   10.23   10.23   -2.01      0.001   0.290   0.290
   9  498.2   7/2+   5/2  19    0.04    2.21    5.99    5.99    0.97       0.00   11.14   11.14   -2.20      0.000   0.316   0.316
  10  559.3   9/2+   9/2  20    0.42    0.55    6.16    6.16    1.06      -0.00   13.52   13.52   -1.46     -0.000   0.384   0.384
  
  11  735.9   9/2+   7/2  19   -0.08    2.04    5.99    5.99    0.82      -0.00   15.29   15.29   -1.79     -0.000   0.434   0.434
  12  771.1  11/2+  11/2  20   -0.64    0.51    6.08    6.08    1.34       0.00   16.17   16.17   -0.81      0.000   0.459   0.459
  13  831.6   5/2+   1/2  18    0.00    6.22    4.92    4.92    2.23       0.00    5.80    5.80   -2.78      0.000   0.165   0.165
  14 1002.7  11/2+  11/2  19    0.07    2.12    6.00    6.00    0.92      -0.00   19.44   19.44   -1.38     -0.000   0.552   0.552
  15 1015.6   7/2+   3/2  18   -0.00    6.18    4.92    4.92    1.77       0.00    8.86    8.86   -2.14      0.000   0.252   0.252
  
  16 1109.1  13/2+  13/2  20    0.54    0.76    6.13    6.13    1.41       0.00   21.02   21.02   -0.49      0.000   0.597   0.597
  17 1254.2   9/2+   7/2  18    0.00    6.12    4.93    4.93    1.50       0.00   12.92   12.92   -1.68      0.000   0.367   0.367
  18 1305.4  13/2+   1/2  17   -0.00   41.26    3.59    3.59    5.77       0.00    8.30    8.30   -2.00      0.000   0.236   0.236
  19 1356.0  13/2+  13/2  19   -0.10    1.97    5.97    5.97    0.86       0.00   25.34   25.34   -1.11      0.000   0.719   0.719
  20 1546.4  11/2+   9/2  18   -0.01    6.07    4.94    4.94    1.33       0.00   17.88   17.88   -1.33      0.000   0.508   0.508
  
  21 1590.9   9/2+   1/2  22    0.00   19.91    9.66    9.66    4.57       0.00    9.24    9.24   -3.83      0.000   0.262   0.262
  22 1818.3  11/2+   5/2  22    0.00   20.98    8.80    8.80    4.35       0.00   11.17   11.17   -2.66      0.000   0.317   0.317
  23 1896.5  13/2+  11/2  18    0.01    5.95    4.97    4.97    1.18       0.00   24.09   24.09   -1.10      0.000   0.684   0.684
  24 2035.8   3/2+   1/2  23   -0.00    2.25    4.37    4.37    1.13       0.00    5.19    5.19   -2.73      0.000   0.147   0.147
  25 2183.4   5/2+   3/2  23    0.00    2.25    4.35    4.35    0.67       0.00    7.86    7.86   -2.26      0.000   0.223   0.223
  
  26 2388.3   7/2+   5/2  23   -0.01    2.25    4.32    4.32    0.47       0.00   11.47   11.47   -1.89      0.000   0.326   0.326
  27 2407.1   1/2+   1/2  25   -0.02    0.25    4.37    4.37    0.27       0.00    4.64    4.64   -2.87      0.000   0.132   0.132
  28 2487.3   3/2+   3/2  25   -0.03    0.26    4.30    4.30    0.18       0.00    5.97    5.97   -2.47      0.000   0.169   0.169
  29 2520.4   1/2+   1/2  16   -0.17    0.25    5.83    5.83    0.09      -0.00    6.25    6.25   -3.35     -0.000   0.178   0.178
  30 2607.1   3/2+   3/2  16    0.14    0.27    5.91    5.91   -0.09       0.00    8.10    8.10   -3.05      0.000   0.230   0.230
  
  31 2635.5   5/2+   5/2  25   -0.02    0.26    4.37    4.37    0.08       0.00    8.64    8.64   -2.11      0.000   0.245   0.245
  32 2653.0   9/2+   9/2  23    0.01    2.26    4.30    4.30    0.32      -0.00   16.22   16.22   -1.63     -0.000   0.460   0.460
  33 2822.8   7/2+   7/2  25   -0.02    0.27    4.30    4.30    0.11       0.00   11.88   11.88   -1.73      0.000   0.337   0.337
  34*******   1/2+   1/2  19    0.08    2.25    5.99    5.99   -0.78       4.00    6.17    6.17   -3.69    113.561   0.175   0.175
  35*******   1/2+   1/2  18    0.09    6.24    4.91    4.91    1.54       4.00    5.08    5.08   -3.92    113.561   0.144   0.144
  
