1SPECTRUM OF (Z= 79 A=197) IN PARTICLE-ROTOR  MODEL WITH MODIFIED OSCILLATOR POTENTIAL


 PARITY=+   EPS= 0.484   GAMMA=  0.0   EPS4=0.000   EPS6=0.000   LEVELS:  14  15  16  17  18  19  20  21  22  23  24  25  26  27  28

 PAIRING FACTORS: GN0= 19.20  GN1=  7.40  IPAIR= 15 ***  E2PLUS(INPUT)=   0.300  E2PLUR(INPUT)=   0.000

 CORIOLIS ATTENUATION PARAMETERS:  CHSI=1.000  ETA=  1.00

 MOMENT OF INERTIA PARAMETERS:   A1=  0.050 MEV   A2=  0.050 MEV   A3= 50.10380 MEV


 DELTA=0.773 MEV  LAMBDA=40.3610 MEV   HW0= 6.7828 MEV   LAMBDA/HW0= 5.9505

 E2ENERGY=0.300 MEV  HBAR**2/B=15903./A**(7/3)=2733.0/A**2 MEV

 IREC=0  =>  RECOIL TERMS j+j-, j+j+, jzjz, ETC TREATED AS ONE-BODY OPERATORS WITH UU+VV PAIRING FACTORS



 S. P. LEVEL   EQP       U     V        (UU + VV)**1.00

     14       4.993    0.078 0.997      1.000 0.995 0.993 0.992 0.989 0.974 0.910 0.513 0.277 0.276 0.249 0.214 0.178 0.173 0.171
     15       2.257    0.174 0.985      0.995 1.000 1.000 0.999 0.999 0.991 0.946 0.594 0.369 0.368 0.342 0.307 0.273 0.268 0.265
     16       2.008    0.196 0.981      0.993 1.000 1.000 1.000 1.000 0.994 0.953 0.612 0.390 0.389 0.363 0.329 0.294 0.290 0.287
     17       1.911    0.207 0.978      0.992 0.999 1.000 1.000 1.000 0.995 0.956 0.621 0.400 0.398 0.373 0.339 0.305 0.300 0.297
     18       1.753    0.226 0.974      0.989 0.999 1.000 1.000 1.000 0.997 0.962 0.636 0.418 0.417 0.392 0.358 0.324 0.319 0.317
     19       1.339    0.303 0.953      0.974 0.991 0.994 0.995 0.997 1.000 0.981 0.696 0.489 0.488 0.464 0.431 0.398 0.393 0.391
     20       0.913    0.483 0.875      0.910 0.946 0.953 0.956 0.962 0.981 1.000 0.823 0.650 0.649 0.628 0.599 0.569 0.565 0.563
     21       0.969    0.895 0.445      0.513 0.594 0.612 0.621 0.636 0.696 0.823 1.000 0.967 0.966 0.959 0.948 0.936 0.934 0.933
     22       1.954    0.979 0.202      0.277 0.369 0.390 0.400 0.418 0.489 0.650 0.967 1.000 1.000 1.000 0.998 0.995 0.994 0.994
     23       1.969    0.980 0.200      0.276 0.368 0.389 0.398 0.417 0.488 0.649 0.966 1.000 1.000 1.000 0.998 0.995 0.994 0.994
     24       2.262    0.985 0.173      0.249 0.342 0.363 0.373 0.392 0.464 0.628 0.959 1.000 1.000 1.000 0.999 0.997 0.997 0.997
     25       2.847    0.991 0.137      0.214 0.307 0.329 0.339 0.358 0.431 0.599 0.948 0.998 0.998 0.999 1.000 0.999 0.999 0.999
     26       3.842    0.995 0.101      0.178 0.273 0.294 0.305 0.324 0.398 0.569 0.936 0.995 0.995 0.997 0.999 1.000 1.000 1.000
     27       4.036    0.995 0.096      0.173 0.268 0.290 0.300 0.319 0.393 0.565 0.934 0.994 0.994 0.997 0.999 1.000 1.000 1.000
     28       4.143    0.996 0.094      0.171 0.265 0.287 0.297 0.317 0.391 0.563 0.933 0.994 0.994 0.997 0.999 1.000 1.000 1.000

  R CORE   ENERGY   A0R/A00=1.000    R3= 0     2  
   2( 1)    0.301                    1.000 0.000
   2( 2)  200.515                    0.000 1.000

  R CORE   ENERGY   A0R/A00=1.000    R3= 0     2  
   3( 1)  200.816                    0.000 1.000

  R CORE   ENERGY   A0R/A00=1.000    R3= 0     2     4  
   4( 1)    1.002                    1.000 0.000 0.000

  R CORE   ENERGY   A0R/A00=1.000    R3= 0     2     4  
   5( 1)  201.718                    0.000 1.000 0.000

  R CORE   ENERGY   A0R/A00=1.000    R3= 0     2     4     6  
   6( 1)    2.104                    1.000 0.000 0.000 0.000

  R CORE   ENERGY   A0R/A00=1.000    R3= 0     2     4     6  
   7( 1)  203.021                    0.000 1.000 0.000 0.000

          AXIAL SYMMETRY => K RESTRICTED TO OMEGA

                     K
     S.P. ORB#: 14 -3.50
     S.P. ORB#: 15  0.50
     S.P. ORB#: 16  4.50
     S.P. ORB#: 17  2.50
     S.P. ORB#: 18 -1.50
     S.P. ORB#: 19 -1.50
     S.P. ORB#: 20  0.50
     S.P. ORB#: 21  2.50
     S.P. ORB#: 22 -3.50
     S.P. ORB#: 23  0.50
     S.P. ORB#: 24  2.50
     S.P. ORB#: 25 -3.50
     S.P. ORB#: 26 -1.50
     S.P. ORB#: 27 -1.50
     S.P. ORB#: 28  0.50
 

             ENERGY    K= OMEGA
 
 I=  1/2+ (1)  1.370  20:-1.000
 
 I=  1/2+ (2)  3.361  15:-0.171
                      23: 0.985
 
 I=  1/2+ (3)  3.914  15: 0.985
                      23: 0.171
 
 I=  1/2+ (4)  4.284  28:-1.000
 
 I=  1/2+ (5) 61.464  19: 1.000

             ENERGY    K= OMEGA
 
 I=  3/2+ (1)  1.407  18: 0.058
                      20:-0.997
 
 I=  3/2+ (2)  2.285  18:-0.998
                      20:-0.058
 
 I=  3/2+ (3)  2.927  15:-0.120
                      19: 0.124
                      23: 0.970
                      26: 0.172
 
 I=  3/2+ (4)  3.232  15:-0.274
                      19: 0.949
                      23:-0.157
 
 I=  3/2+ (5)  4.252  27: 0.984
                      28: 0.173

             ENERGY    K= OMEGA
 
 I=  5/2+ (1)  1.814  18: 0.127
                      20: 0.988
                      27: 0.058
                      28: 0.055
 
 I=  5/2+ (2)  2.430  17: 0.403
                      18:-0.725
                      20: 0.109
                      24: 0.547
 
 I=  5/2+ (3)  2.524  17: 0.839
                      18: 0.057
                      24:-0.540
 
 I=  5/2+ (4)  2.532  15:-0.458
                      19:-0.627
                      21:-0.630
 
 I=  5/2+ (5)  2.674  17: 0.365
                      18: 0.674
                      20:-0.069
                      24: 0.638

             ENERGY    K= OMEGA
 
 I=  7/2+ (1)  1.904  18:-0.118
                      20: 0.988
                      27:-0.076
                      28:-0.057
 
 I=  7/2+ (2)  2.276  17:-0.233
                      18:-0.062
                      22:-0.965
                      24:-0.101
 
 I=  7/2+ (3)  2.568  15:-0.182
                      19: 0.551
                      21:-0.769
                      25: 0.266
 
 I=  7/2+ (4)  2.730  17:-0.275
                      18:-0.734
                      20:-0.103
                      22: 0.177
                      24:-0.585
 
 I=  7/2+ (5)  2.883  17: 0.834
                      18: 0.069
                      22:-0.151
                      24:-0.524

             ENERGY    K= OMEGA
 
 I=  9/2+ (1)  2.251  15:-0.546
                      19:-0.610
                      21:-0.535
                      25:-0.207
 
 I=  9/2+ (2)  2.405  14:-0.115
                      16:-0.989
                      22: 0.091
 
 I=  9/2+ (3)  2.621  17: 0.098
                      18:-0.257
                      20:-0.923
                      22:-0.206
                      24: 0.112
                      27:-0.093
                      28:-0.090
 
 I=  9/2+ (4)  2.686  16: 0.093
                      17:-0.305
                      20:-0.258
                      22: 0.902
                      24:-0.122
 
 I=  9/2+ (5)  3.159  17: 0.191
                      18:-0.692
                      20: 0.233
                      22: 0.243
                      24: 0.609

             ENERGY    K= OMEGA
 
 I= 11/2+ (1)  2.731  15: 0.195
                      19:-0.546
                      21: 0.732
                      25:-0.358
 
 I= 11/2+ (2)  2.784  18:-0.165
                      20: 0.974
                      24:-0.055
                      27:-0.113
                      28:-0.081
 
 I= 11/2+ (3)  2.892  14:-0.167
                      16: 0.976
                      17: 0.062
                      22: 0.128
 
 I= 11/2+ (4)  3.182  16:-0.140
                      17: 0.376
                      18: 0.144
                      20: 0.060
                      22: 0.883
                      24: 0.186
 
 I= 11/2+ (5)  3.357  15: 0.079
                      23:-0.925
                      26:-0.369

             ENERGY    K= OMEGA
 
 I= 13/2+ (1)  2.404  15:-0.598
                      19:-0.601
                      21:-0.482
                      25:-0.217
 
 I= 13/2+ (2)  3.469  14:-0.208
                      16:-0.961
                      17:-0.088
                      22: 0.155
 
 I= 13/2+ (3)  3.747  16: 0.143
                      17:-0.334
                      18: 0.337
                      20: 0.529
                      22: 0.632
                      24:-0.251
                      27: 0.071
                      28: 0.080
 
 I= 13/2+ (4)  3.834  16: 0.101
                      17:-0.243
                      18:-0.170
                      20:-0.739
                      22: 0.577
                      27:-0.111
                      28:-0.098
 
 I= 13/2+ (5)  3.984  15:-0.560
                      19:-0.143
                      21: 0.654
                      25: 0.487

             ENERGY     K= 1/2
  35 LEVELS    TIME=  0.0 SEC



 ******************* EXCITATION ENERGIES, DOMINANT CONFIGURATION AND EXPECTATION VALUES (WITH S.P. UU+VV FACTORS) *******************

  NR  Eex(keV)  I   Kdom  NY    <Jz>  <Jx**2> <Jy**2> <Jz**2> <I.j>/|I|  <Rx**2> <Ry**2> <Rz**2> <R.j>/|R|  <HROTx> <HROTy> <HROTz>

   1    0.0   1/2+   1/2  20    0.50    3.96    3.96    0.25   -0.10       4.55    4.55   -0.00   -2.74      0.228   0.228  -0.000
   2   36.2   3/2+   1/2  20    0.49    3.97    3.97    0.26    0.59       4.83    4.83   -0.00   -2.27      0.242   0.242  -0.000
   3  443.4   5/2+   1/2  20    0.46    3.95    3.95    0.29   -0.06       8.64    8.64   -0.00   -2.01      0.433   0.433  -0.000
   4  533.9   7/2+   1/2  20    0.46    3.96    3.96    0.29    0.63       9.47    9.47   -0.00   -1.31      0.475   0.475  -0.000
   5  881.0   9/2+  -3/2  19    0.16   19.28   19.28    3.23    5.32       6.78    6.78   -0.00   -4.16      0.340   0.340  -0.000
  
   6  905.3   7/2+  -7/2  22   -3.11    2.04    2.04   11.82    3.18       3.21    3.21    0.00   -1.30      0.161   0.161   0.000
   7  914.5   3/2+  -3/2  18   -1.49    4.53    4.53    2.24    1.14       5.32    5.32    0.00   -2.79      0.267   0.267   0.000
   8 1033.2  13/2+  -3/2  19    0.05   19.29   19.29    2.93    5.39       7.47    7.47    0.00   -1.00      0.374   0.374   0.000
   9 1034.3   9/2+   9/2  16    4.33    2.31    2.31   20.06    4.25       3.58    3.58    0.00   -1.32      0.179   0.179   0.000
  10 1059.8   5/2+  -3/2  18    0.37    3.80    3.80    4.07    1.74       5.07    5.07    0.00   -2.05      0.254   0.254   0.000
  
  11 1153.5   5/2+   5/2  17    2.48    3.86    3.86    6.23    2.12       5.08    5.08    0.00   -2.41      0.255   0.255   0.000
  12 1161.7   5/2+   5/2  21    0.51   19.34   19.34    3.42    4.72      11.45   11.45   -0.00   -5.88      0.574   0.574  -0.000
  13 1197.9   7/2+   5/2  21    0.79   19.13   19.13    5.26    4.17      13.08   13.08   -0.00   -5.27      0.655   0.655  -0.000
  14 1250.4   9/2+   1/2  20    0.23    3.85    3.85    1.06    0.30      15.24   15.24   -0.00   -1.31      0.764   0.764  -0.000
  15 1303.7   5/2+  -3/2  18    0.67    3.48    3.48    4.40    1.06       6.93    6.93    0.00   -2.21      0.347   0.347   0.000
  
  16 1315.2   9/2+  -7/2  22   -2.51    2.29    2.29   10.85    2.44       7.95    7.95    0.00   -0.83      0.398   0.398   0.000
  17 1359.7   7/2+  -3/2  18    0.13    3.55    3.55    4.21    1.42       7.89    7.89    0.00   -1.43      0.395   0.395   0.000
  18 1361.0  11/2+   5/2  21    0.46   19.05   19.05    5.60    4.37      13.58   13.58   -0.00   -3.37      0.680   0.680  -0.000
  19 1413.8  11/2+   1/2  20    0.42    3.94    3.94    0.36    0.71      17.78   17.78   -0.00   -0.68      0.891   0.891  -0.000
  20 1512.8   7/2+   5/2  17    2.33    3.84    3.84    6.36    1.57       8.67    8.67    0.00   -1.88      0.434   0.434   0.000
  
  21 1521.2  11/2+   9/2  16    4.14    2.37    2.37   19.84    3.71       8.01    8.01    0.00   -0.61      0.401   0.401   0.000
  22 1556.2   3/2+   1/2  23    0.41   12.06   12.06    0.34    2.61       9.05    9.05   -0.00   -4.56      0.454   0.454  -0.000
  23 1788.3   9/2+  -3/2  18    0.12    3.34    3.34    4.37    1.10      12.41   12.41    0.00   -1.12      0.622   0.622   0.000
  24 1811.7  11/2+  -7/2  22   -2.23    2.37    2.37   11.10    2.26      12.26   12.26    0.00   -0.47      0.614   0.614   0.000
  25 1861.4   3/2+  -3/2  19   -1.30   19.55   19.55    2.05    2.28      18.04   18.04    0.00   -6.12      0.904   0.904   0.000
  
  26 1986.8  11/2+   1/2  23    0.22   12.24   12.24    0.53    3.19      11.31   11.31    0.00   -1.25      0.567   0.567   0.000
  27 1990.9   1/2+   1/2  23    0.50   11.90   11.90    0.25   -1.62      13.81   13.81   -0.00   -4.84      0.692   0.692  -0.000
  28 2098.7  13/2+   9/2  16    3.94    2.44    2.44   19.59    3.34      13.32   13.32    0.00   -0.23      0.667   0.667   0.000
  29 2376.6  13/2+  -7/2  22   -0.91    3.10    3.10    6.75    1.47      20.60   20.60   -0.00   -0.42      1.032   1.032  -0.000
  30 2463.6  13/2+   1/2  20   -0.76    3.26    3.26    4.89    0.86      24.04   24.04    0.00   -0.77      1.205   1.205   0.000
  
  31 2543.7   1/2+   1/2  15    0.50   19.30   19.30    0.25    3.68      16.62   16.62   -0.00   -6.19      0.833   0.833  -0.000
  32 2613.3  13/2+   5/2  21    0.36   18.64   18.64    5.71    3.49      21.51   21.51    0.00   -2.84      1.078   1.078   0.000
  33 2881.2   3/2+  -3/2  27   -1.44    1.45    1.45    2.19    1.16       2.17    2.17    0.00   -1.36      0.109   0.109   0.000
  34 2914.0   1/2+   1/2  28    0.50    1.41    1.41    0.25    0.56       1.42    1.42    0.00   -1.53      0.071   0.071   0.000
  3560093.4   1/2+  -3/2  19    0.00    0.00    0.00    0.00    0.00       0.00    0.00    0.00   -0.00      0.000   0.000   0.000
  
