1SPECTRUM OF (Z= 79 A=197) IN PARTICLE-ROTOR  MODEL WITH MODIFIED OSCILLATOR POTENTIAL


 PARITY=+   EPS= 0.291   GAMMA=  0.0   EPS4=0.000   EPS6=0.000   LEVELS:  14  15  16  17  18  19  20  21  22  23  24  25  26  27  28

 PAIRING FACTORS: GN0= 19.20  GN1=  7.40  IPAIR= 15 ***  E2PLUS(INPUT)=   0.300  E2PLUR(INPUT)=   0.000

 CORIOLIS ATTENUATION PARAMETERS:  CHSI=1.000  ETA=  1.00

 MOMENT OF INERTIA PARAMETERS:   A1=  0.050 MEV   A2=  0.050 MEV   A3= 50.10379 MEV


 DELTA=1.063 MEV  LAMBDA=40.4457 MEV   HW0= 6.6486 MEV   LAMBDA/HW0= 6.0833

 E2ENERGY=0.300 MEV  HBAR**2/B= 5749./A**(7/3)= 988.0/A**2 MEV

 IREC=0  =>  RECOIL TERMS j+j-, j+j+, jzjz, ETC TREATED AS ONE-BODY OPERATORS WITH UU+VV PAIRING FACTORS



 S. P. LEVEL   EQP       U     V        (UU + VV)**1.00

     14       4.802    0.111 0.994      1.000 1.000 0.998 0.997 0.981 0.936 0.887 0.705 0.573 0.415 0.408 0.400 0.299 0.238 0.224
     15       4.597    0.116 0.993      1.000 1.000 0.998 0.997 0.982 0.937 0.889 0.708 0.577 0.420 0.412 0.404 0.304 0.243 0.229
     16       3.080    0.175 0.985      0.998 0.998 1.000 1.000 0.991 0.957 0.915 0.749 0.625 0.473 0.466 0.458 0.360 0.301 0.286
     17       2.900    0.187 0.982      0.997 0.997 1.000 1.000 0.993 0.960 0.919 0.756 0.634 0.483 0.476 0.468 0.371 0.312 0.297
     18       1.834    0.304 0.953      0.981 0.982 0.991 0.993 1.000 0.987 0.960 0.830 0.723 0.586 0.579 0.572 0.481 0.424 0.411
     19       1.313    0.455 0.891      0.936 0.937 0.957 0.960 0.987 1.000 0.993 0.910 0.825 0.709 0.703 0.697 0.616 0.566 0.553
     20       1.147    0.559 0.829      0.887 0.889 0.915 0.919 0.960 0.993 1.000 0.953 0.887 0.789 0.784 0.778 0.707 0.661 0.649
     21       1.092    0.784 0.621      0.705 0.708 0.749 0.756 0.830 0.910 0.953 1.000 0.985 0.938 0.935 0.932 0.888 0.857 0.849
     22       1.266    0.878 0.478      0.573 0.577 0.625 0.634 0.723 0.825 0.887 0.985 1.000 0.984 0.982 0.980 0.953 0.933 0.927
     23       1.797    0.950 0.311      0.415 0.420 0.473 0.483 0.586 0.709 0.789 0.938 0.984 1.000 1.000 1.000 0.992 0.982 0.980
     24       1.840    0.953 0.303      0.408 0.412 0.466 0.476 0.579 0.703 0.784 0.935 0.982 1.000 1.000 1.000 0.993 0.984 0.981
     25       1.887    0.956 0.295      0.400 0.404 0.458 0.468 0.572 0.697 0.778 0.932 0.980 1.000 1.000 1.000 0.994 0.986 0.983
     26       2.837    0.982 0.191      0.299 0.304 0.360 0.371 0.481 0.616 0.707 0.888 0.953 0.992 0.993 0.994 1.000 0.998 0.997
     27       4.163    0.992 0.129      0.238 0.243 0.301 0.312 0.424 0.566 0.661 0.857 0.933 0.982 0.984 0.986 0.998 1.000 1.000
     28       4.698    0.993 0.114      0.224 0.229 0.286 0.297 0.411 0.553 0.649 0.849 0.927 0.980 0.981 0.983 0.997 1.000 1.000

  R CORE   ENERGY   A0R/A00=1.000    R3= 0     2  
   2( 1)    0.301                    1.000 0.000
   2( 2)  200.515                    0.000 1.000

  R CORE   ENERGY   A0R/A00=1.000    R3= 0     2  
   3( 1)  200.816                    0.000 1.000

  R CORE   ENERGY   A0R/A00=1.000    R3= 0     2     4  
   4( 1)    1.002                    1.000 0.000 0.000

  R CORE   ENERGY   A0R/A00=1.000    R3= 0     2     4  
   5( 1)  201.718                    0.000 1.000 0.000

  R CORE   ENERGY   A0R/A00=1.000    R3= 0     2     4     6  
   6( 1)    2.104                    1.000 0.000 0.000 0.000

  R CORE   ENERGY   A0R/A00=1.000    R3= 0     2     4     6  
   7( 1)  203.021                    0.000 1.000 0.000 0.000

          AXIAL SYMMETRY => K RESTRICTED TO OMEGA

                     K
     S.P. ORB#: 14  0.50
     S.P. ORB#: 15  4.50
     S.P. ORB#: 16  2.50
     S.P. ORB#: 17 -1.50
     S.P. ORB#: 18  0.50
     S.P. ORB#: 19 -3.50
     S.P. ORB#: 20  2.50
     S.P. ORB#: 21  0.50
     S.P. ORB#: 22 -1.50
     S.P. ORB#: 23 -1.50
     S.P. ORB#: 24  2.50
     S.P. ORB#: 25  0.50
     S.P. ORB#: 26 -3.50
     S.P. ORB#: 27  4.50
     S.P. ORB#: 28  0.50
 

             ENERGY    K= OMEGA
 
 I=  1/2+ (1)  1.990  18: 0.261
                      25: 0.965
 
 I=  1/2+ (2)  2.246  18: 0.965
                      25:-0.261
 
 I=  1/2+ (3)  3.022  21:-1.000
 
 I=  1/2+ (4)  5.327  14: 0.999
 
 I=  1/2+ (5)  6.473  28:-1.000

             ENERGY    K= OMEGA
 
 I=  3/2+ (1)  1.940  18:-0.353
                      23: 0.893
                      25: 0.280
 
 I=  3/2+ (2)  2.208  18:-0.476
                      23:-0.429
                      25: 0.767
 
 I=  3/2+ (3)  2.300  14: 0.056
                      18: 0.803
                      23: 0.137
                      25: 0.575
 
 I=  3/2+ (4)  3.192  21:-0.502
                      22: 0.864
 
 I=  3/2+ (5)  3.367  14:-0.112
                      17:-0.993

             ENERGY    K= OMEGA
 
 I=  5/2+ (1)  1.403  17:-0.109
                      20: 0.993
 
 I=  5/2+ (2)  2.132  21:-0.810
                      22:-0.548
                      24:-0.209
 
 I=  5/2+ (3)  2.181  18:-0.170
                      23:-0.921
                      25: 0.345
 
 I=  5/2+ (4)  2.307  17: 0.076
                      18: 0.451
                      23: 0.237
                      25: 0.856
 
 I=  5/2+ (5)  2.807  14:-0.102
                      17: 0.091
                      18: 0.862
                      23:-0.302
                      25:-0.383

             ENERGY    K= OMEGA
 
 I=  7/2+ (1)  1.593  16: 0.115
                      17: 0.076
                      19: 0.887
                      20: 0.439
 
 I=  7/2+ (2)  1.745  16: 0.077
                      17:-0.147
                      19: 0.440
                      20:-0.880
                      23:-0.065
 
 I=  7/2+ (3)  2.356  14: 0.052
                      18: 0.580
                      20: 0.054
                      23:-0.717
                      25:-0.378
 
 I=  7/2+ (4)  2.660  21: 0.327
                      22:-0.717
                      24: 0.575
                      26:-0.219
 
 I=  7/2+ (5)  2.855  14: 0.057
                      18: 0.594
                      23: 0.692
                      25:-0.402

             ENERGY    K= OMEGA
 
 I=  9/2+ (1)  1.673  21:-0.751
                      22:-0.571
                      24:-0.311
                      26:-0.113
 
 I=  9/2+ (2)  1.961  16: 0.164
                      17:-0.118
                      19:-0.840
                      20: 0.502
 
 I=  9/2+ (3)  2.168  16: 0.118
                      17: 0.187
                      19:-0.503
                      20:-0.828
                      23: 0.088
 
 I=  9/2+ (4)  2.902  17: 0.051
                      18:-0.147
                      20:-0.059
                      23:-0.849
                      25: 0.498
 
 I=  9/2+ (5)  3.004  14: 0.086
                      17:-0.119
                      18:-0.548
                      20:-0.109
                      23:-0.338
                      25:-0.743

             ENERGY    K= OMEGA
 
 I= 11/2+ (1)  2.422  16: 0.203
                      17: 0.148
                      19: 0.814
                      20: 0.523
 
 I= 11/2+ (2)  2.567  21: 0.273
                      22:-0.640
                      24: 0.615
                      26:-0.350
                      27: 0.117
 
 I= 11/2+ (3)  2.685  16: 0.150
                      17:-0.215
                      18: 0.053
                      19: 0.521
                      20:-0.802
                      23:-0.113
 
 I= 11/2+ (4)  3.139  14:-0.090
                      17:-0.054
                      18:-0.656
                      19: 0.057
                      20:-0.083
                      23: 0.627
                      25: 0.393
 
 I= 11/2+ (5)  3.906  14:-0.091
                      16: 0.063
                      18:-0.630
                      23:-0.751
                      25: 0.149

             ENERGY    K= OMEGA
 
 I= 13/2+ (1)  1.625  21:-0.722
                      22:-0.574
                      24:-0.350
                      26:-0.157
 
 I= 13/2+ (2)  2.971  16:-0.232
                      17: 0.190
                      19: 0.778
                      20:-0.546
 
 I= 13/2+ (3)  3.278  14:-0.075
                      16: 0.181
                      17: 0.255
                      18: 0.097
                      19:-0.551
                      20:-0.751
                      23: 0.131
 
 I= 13/2+ (4)  3.747  21:-0.480
                      22: 0.068
                      24: 0.573
                      26: 0.591
                      27: 0.295
 
 I= 13/2+ (5)  4.014  17:-0.102
                      19: 0.060
                      23: 0.733
                      25:-0.667

             ENERGY     K= 1/2
  35 LEVELS    TIME=  0.0 SEC



 ******************* EXCITATION ENERGIES, DOMINANT CONFIGURATION AND EXPECTATION VALUES (WITH S.P. UU+VV FACTORS) *******************

  NR  Eex(keV)  I   Kdom  NY    <Jz>  <Jx**2> <Jy**2> <Jz**2> <I.j>/|I|  <Rx**2> <Ry**2> <Rz**2> <R.j>/|R|  <HROTx> <HROTy> <HROTz>

   1    0.0   5/2+   5/2  20    2.44    1.60    1.60    6.19    2.28       2.32    2.32   -0.00   -1.23      0.116   0.116  -0.000
   2  190.0   7/2+  -7/2  19   -2.25    1.87    1.87   10.95    3.13       2.78    2.78    0.00   -0.95      0.139   0.139   0.000
   3  222.6  13/2+   1/2  21   -0.00   21.77   21.77    1.98    6.27       3.34    3.34   -0.00   -0.67      0.167   0.167  -0.000
   4  270.5   9/2+   1/2  21   -0.01   21.90   21.90    1.65    6.19       4.27    4.27    0.00   -5.00      0.214   0.214   0.000
   5  342.2   7/2+   5/2  20    1.24    1.64    1.64    7.30    2.03       5.11    5.11    0.00   -0.79      0.256   0.256   0.000
  
   6  537.2   3/2+  -3/2  23   -1.09    1.53    1.53    1.84    1.56       1.31    1.31    0.00   -1.16      0.065   0.065   0.000
   7  558.0   9/2+  -7/2  19   -1.79    1.95    1.95   10.42    2.69       6.17    6.17    0.00   -0.27      0.309   0.309   0.000
   8  587.7   1/2+   1/2  25    0.50    1.21    1.21    0.25    0.74       1.07    1.07    0.00   -1.38      0.053   0.053   0.000
   9  729.2   5/2+   1/2  21   -0.01   22.08   22.08    1.11    5.91       9.53    9.53    0.00   -6.37      0.477   0.477   0.000
  10  765.7   9/2+   5/2  20    0.80    1.69    1.69    7.57    1.83       8.77    8.77    0.00   -0.45      0.439   0.439   0.000
  
  11  778.6   5/2+  -3/2  23   -1.19    1.31    1.31    1.96    1.00       3.71    3.71    0.00   -0.60      0.186   0.186   0.000
  12  805.5   3/2+   1/2  25    0.13    1.82    1.82    0.62    0.27       3.49    3.49    0.00   -1.41      0.175   0.175   0.000
  13  843.1   1/2+   1/2  18    0.50    3.21    3.21    0.25   -0.38       4.04    4.04    0.00   -2.46      0.203   0.203   0.000
  14  897.3   3/2+   1/2  18    0.46    2.31    2.31    0.29   -0.02       4.37    4.37    0.00   -1.67      0.219   0.219   0.000
  15  904.1   5/2+   1/2  25    0.38    1.52    1.52    0.38    0.61       4.27    4.27    0.00   -0.55      0.214   0.214   0.000
  
  16  953.5   7/2+  -3/2  23   -0.52    2.03    2.03    1.30    1.34       5.25    5.25    0.00   -0.02      0.263   0.263   0.000
  17 1019.4  11/2+  -7/2  19   -1.56    2.03    2.03   10.13    2.43      10.42   10.42    0.00    0.08      0.522   0.522   0.000
  18 1164.3  11/2+  -3/2  22    0.00   20.61   20.61    5.09    5.42       8.61    8.61    0.00   -3.35      0.432   0.432   0.000
  19 1257.1   7/2+  -3/2  22   -0.06   21.11   21.11    3.84    4.91      11.44   11.44   -0.00   -5.56      0.573   0.573  -0.000
  20 1282.1  11/2+   5/2  20    0.63    1.73    1.73    7.62    1.66      13.51   13.51    0.00   -0.23      0.677   0.677   0.000
  
  21 1404.4   5/2+   1/2  18    0.30    2.89    2.89    0.45   -0.60       9.26    9.26    0.00   -1.86      0.464   0.464   0.000
  22 1452.2   7/2+  -3/2  23   -0.45    2.08    2.08    1.23    0.10      10.17   10.17    0.00   -1.11      0.510   0.510   0.000
  23 1499.4   9/2+  -3/2  23   -0.94    1.30    1.30    1.74    0.76      10.76   10.76    0.00   -0.12      0.539   0.539   0.000
  24 1568.2  13/2+  -7/2  19   -1.29    2.12    2.12    9.71    2.28      15.41   15.41    0.00    0.36      0.772   0.772   0.000
  25 1601.7   9/2+   1/2  25    0.27    1.84    1.84    0.58    0.67      11.14   11.14    0.00   -0.19      0.558   0.558   0.000
  
  26 1619.3   1/2+   1/2  21    0.50   22.31   22.31    0.25    4.12      19.24   19.24    0.00   -6.66      0.964   0.964   0.000
  27 1736.3  11/2+   1/2  18   -0.29    2.28    2.28    1.13    1.31      12.87   12.87    0.00    0.43      0.645   0.645   0.000
  28 1789.3   3/2+  -3/2  22   -0.99   21.87   21.87    1.74    2.58      19.63   19.63    0.00   -6.46      0.984   0.984   0.000
  29 1874.9  13/2+   5/2  20    0.32    1.83    1.83    7.64    1.64      18.58   18.58    0.00    0.02      0.931   0.931   0.000
  30 1964.5   3/2+  -3/2  17   -1.47    4.17    4.17    2.22    1.40       4.44    4.44    0.00   -2.63      0.223   0.223   0.000
  
  31 2344.2  13/2+  -7/2  26    0.10   19.31   19.31    8.16    4.65      15.28   15.28    0.00   -2.59      0.766   0.766   0.000
  32 2503.2  11/2+  -3/2  23   -0.62    2.13    2.13    1.43    0.02      20.58   20.58    0.00   -0.87      1.031   1.031   0.000
  33 2611.7  13/2+  -3/2  23   -0.61    1.26    1.26    1.41    0.68      21.60   21.60    0.00    0.12      1.082   1.082   0.000
  34 3924.7   1/2+   1/2  14    0.50    5.45    5.45    0.25    0.78       5.28    5.28    0.00   -3.23      0.264   0.264   0.000
  35 5070.4   1/2+   1/2  28    0.50   14.96   14.96    0.25   -2.62      17.73   17.73    0.00   -5.45      0.888   0.888   0.000
  
