1SPECTRUM OF (Z= 79 A=197) IN PARTICLE-ROTOR  MODEL WITH MODIFIED OSCILLATOR POTENTIAL


 PARITY=+   EPS= 0.355   GAMMA=  0.0   EPS4=0.000   EPS6=0.000   LEVELS:  15  16  17  18  19  20  21  22  23  24  25  26  27  28  29

 PAIRING FACTORS: GN0= 19.20  GN1=  7.40  IPAIR= 15 ***  E2PLUS(INPUT)=   0.300  E2PLUR(INPUT)=   0.000

 CORIOLIS ATTENUATION PARAMETERS:  CHSI=1.000  ETA=  1.00

 MOMENT OF INERTIA PARAMETERS:   A1=  0.050 MEV   A2=  0.050 MEV   A3= 50.10380 MEV


 DELTA=1.072 MEV  LAMBDA=40.4368 MEV   HW0= 6.6839 MEV   LAMBDA/HW0= 6.0499

 E2ENERGY=0.300 MEV  HBAR**2/B= 8555./A**(7/3)=1470.3/A**2 MEV

 IREC=0  =>  RECOIL TERMS j+j-, j+j+, jzjz, ETC TREATED AS ONE-BODY OPERATORS WITH UU+VV PAIRING FACTORS



 S. P. LEVEL   EQP       U     V        (UU + VV)**1.00

     15       3.839    0.141 0.990      1.000 0.999 0.998 0.978 0.912 0.801 0.774 0.701 0.492 0.361 0.352 0.331 0.280 0.259 0.250
     16       2.804    0.195 0.981      0.999 1.000 1.000 0.988 0.933 0.832 0.807 0.739 0.539 0.411 0.402 0.382 0.332 0.312 0.302
     17       2.636    0.208 0.978      0.998 1.000 1.000 0.990 0.937 0.840 0.815 0.748 0.550 0.423 0.415 0.394 0.344 0.324 0.315
     18       1.651    0.346 0.938      0.978 0.988 0.990 1.000 0.978 0.909 0.890 0.836 0.664 0.549 0.541 0.522 0.475 0.457 0.448
     19       1.185    0.536 0.844      0.912 0.933 0.937 0.978 1.000 0.976 0.966 0.932 0.807 0.712 0.706 0.689 0.650 0.633 0.626
     20       1.072    0.706 0.708      0.801 0.832 0.840 0.909 0.976 1.000 0.999 0.989 0.916 0.847 0.842 0.830 0.799 0.786 0.780
     21       1.076    0.736 0.677      0.774 0.807 0.815 0.890 0.966 0.999 1.000 0.994 0.932 0.870 0.865 0.854 0.825 0.812 0.807
     22       1.122    0.805 0.594      0.701 0.739 0.748 0.836 0.932 0.989 0.994 1.000 0.966 0.918 0.914 0.905 0.881 0.870 0.865
     23       1.579    0.931 0.365      0.492 0.539 0.550 0.664 0.807 0.916 0.932 0.966 1.000 0.989 0.988 0.984 0.973 0.968 0.966
     24       2.441    0.974 0.225      0.361 0.411 0.423 0.549 0.712 0.847 0.870 0.918 0.989 1.000 1.000 0.999 0.996 0.994 0.993
     25       2.540    0.976 0.216      0.352 0.402 0.415 0.541 0.706 0.842 0.865 0.914 0.988 1.000 1.000 1.000 0.997 0.995 0.994
     26       2.815    0.981 0.194      0.331 0.382 0.394 0.522 0.689 0.830 0.854 0.905 0.984 0.999 1.000 1.000 0.999 0.997 0.996
     27       3.829    0.990 0.141      0.280 0.332 0.344 0.475 0.650 0.799 0.825 0.881 0.973 0.996 0.997 0.999 1.000 1.000 1.000
     28       4.488    0.993 0.120      0.259 0.312 0.324 0.457 0.633 0.786 0.812 0.870 0.968 0.994 0.995 0.997 1.000 1.000 1.000
     29       4.877    0.994 0.111      0.250 0.302 0.315 0.448 0.626 0.780 0.807 0.865 0.966 0.993 0.994 0.996 1.000 1.000 1.000

  R CORE   ENERGY   A0R/A00=1.000    R3= 0     2  
   2( 1)    0.301                    1.000 0.000
   2( 2)  200.515                    0.000 1.000

  R CORE   ENERGY   A0R/A00=1.000    R3= 0     2  
   3( 1)  200.816                    0.000 1.000

  R CORE   ENERGY   A0R/A00=1.000    R3= 0     2     4  
   4( 1)    1.002                    1.000 0.000 0.000

  R CORE   ENERGY   A0R/A00=1.000    R3= 0     2     4  
   5( 1)  201.718                    0.000 1.000 0.000

  R CORE   ENERGY   A0R/A00=1.000    R3= 0     2     4     6  
   6( 1)    2.104                    1.000 0.000 0.000 0.000

  R CORE   ENERGY   A0R/A00=1.000    R3= 0     2     4     6  
   7( 1)  203.021                    0.000 1.000 0.000 0.000

          AXIAL SYMMETRY => K RESTRICTED TO OMEGA

                     K
     S.P. ORB#: 15  4.50
     S.P. ORB#: 16  2.50
     S.P. ORB#: 17 -1.50
     S.P. ORB#: 18  0.50
     S.P. ORB#: 19  0.50
     S.P. ORB#: 20 -3.50
     S.P. ORB#: 21 -1.50
     S.P. ORB#: 22  2.50
     S.P. ORB#: 23  2.50
     S.P. ORB#: 24 -1.50
     S.P. ORB#: 25  0.50
     S.P. ORB#: 26 -3.50
     S.P. ORB#: 27  0.50
     S.P. ORB#: 28  4.50
     S.P. ORB#: 29 -1.50
 

             ENERGY    K= OMEGA
 
 I=  1/2+ (1)  2.066  18: 0.995
                      25: 0.098
 
 I=  1/2+ (2)  2.675  18:-0.098
                      25: 0.995
 
 I=  1/2+ (3)  3.030  19:-0.999
 
 I=  1/2+ (4)  5.456  27:-0.999
 
 I=  1/2+ (5) 61.201  21: 1.000

             ENERGY    K= OMEGA
 
 I=  3/2+ (1)  2.073  18: 0.980
                      24:-0.166
                      25:-0.102
 
 I=  3/2+ (2)  2.654  17:-0.052
                      18: 0.180
                      24: 0.965
                      25: 0.183
 
 I=  3/2+ (3)  2.894  17: 0.181
                      18:-0.059
                      24: 0.203
                      25:-0.960
 
 I=  3/2+ (4)  3.003  19:-0.429
                      21: 0.901
 
 I=  3/2+ (5)  3.153  17: 0.981
                      18: 0.058
                      25: 0.183

             ENERGY    K= OMEGA
 
 I=  5/2+ (1)  1.390  17:-0.098
                      22: 0.995
 
 I=  5/2+ (2)  2.098  19:-0.765
                      21:-0.594
                      23:-0.247
 
 I=  5/2+ (3)  2.469  17: 0.087
                      18: 0.932
                      24: 0.274
                      25: 0.219
 
 I=  5/2+ (4)  2.849  16:-0.080
                      17: 0.118
                      18: 0.099
                      24:-0.813
                      25: 0.556
 
 I=  5/2+ (5)  3.142  16:-0.061
                      17:-0.076
                      18: 0.341
                      24:-0.502
                      25:-0.788

             ENERGY    K= OMEGA
 
 I=  7/2+ (1)  1.384  16:-0.118
                      20:-0.976
                      22:-0.179
 
 I=  7/2+ (2)  1.723  17:-0.147
                      20: 0.178
                      22:-0.971
 
 I=  7/2+ (3)  2.509  19: 0.303
                      21:-0.718
                      23: 0.589
                      26:-0.210
 
 I=  7/2+ (4)  2.515  17: 0.051
                      18:-0.936
                      24: 0.289
                      25: 0.185
 
 I=  7/2+ (5)  3.270  16:-0.152
                      17:-0.188
                      18: 0.317
                      24: 0.871
                      25: 0.285

             ENERGY    K= OMEGA
 
 I=  9/2+ (1)  1.676  19:-0.721
                      21:-0.593
                      23:-0.338
                      26:-0.121
 
 I=  9/2+ (2)  1.777  16:-0.171
                      17: 0.053
                      20: 0.952
                      22:-0.248
 
 I=  9/2+ (3)  2.150  16: 0.058
                      17: 0.186
                      20:-0.247
                      22:-0.946
                      24: 0.062
 
 I=  9/2+ (4)  3.228  17:-0.123
                      18:-0.869
                      22:-0.082
                      24:-0.360
                      25:-0.305
 
 I=  9/2+ (5)  3.332  19: 0.511
                      21:-0.131
                      23:-0.670
                      26:-0.500
                      28:-0.151

             ENERGY    K= OMEGA
 
 I= 11/2+ (1)  2.260  16:-0.212
                      17:-0.076
                      20:-0.928
                      22:-0.295
 
 I= 11/2+ (2)  2.477  19: 0.261
                      21:-0.643
                      23: 0.626
                      26:-0.338
                      28: 0.101
 
 I= 11/2+ (3)  2.671  16: 0.081
                      17:-0.220
                      18: 0.072
                      20: 0.293
                      22:-0.920
                      24:-0.083
 
 I= 11/2+ (4)  3.341  18: 0.900
                      22: 0.105
                      24:-0.348
                      25:-0.237
 
 I= 11/2+ (5)  4.280  16:-0.223
                      17:-0.308
                      18: 0.375
                      20: 0.066
                      24: 0.774
                      25: 0.331

             ENERGY    K= OMEGA
 
 I= 13/2+ (1)  1.674  19:-0.701
                      21:-0.586
                      23:-0.368
                      26:-0.164
 
 I= 13/2+ (2)  2.836  16:-0.247
                      17: 0.099
                      20: 0.906
                      22:-0.328
 
 I= 13/2+ (3)  3.288  16: 0.102
                      17: 0.250
                      18: 0.063
                      20:-0.326
                      22:-0.899
                      24: 0.091
 
 I= 13/2+ (4)  3.703  19:-0.504
                      23: 0.593
                      26: 0.571
                      28: 0.255
 
 I= 13/2+ (5)  4.373  17: 0.137
                      18: 0.823
                      22: 0.139
                      24: 0.374
                      25: 0.379

             ENERGY     K=-3/2
  35 LEVELS    TIME=  0.0 SEC



 ******************* EXCITATION ENERGIES, DOMINANT CONFIGURATION AND EXPECTATION VALUES (WITH S.P. UU+VV FACTORS) *******************

  NR  Eex(keV)  I   Kdom  NY    <Jz>  <Jx**2> <Jy**2> <Jz**2> <I.j>/|I|  <Rx**2> <Ry**2> <Rz**2> <R.j>/|R|  <HROTx> <HROTy> <HROTz>

   1    0.0   7/2+  -7/2  20   -3.22    1.88    1.88   11.97    3.25       2.84    2.84   -0.00   -1.18      0.142   0.142  -0.000
   2    5.9   5/2+   5/2  22    2.46    1.65    1.65    6.21    2.24       2.51    2.51    0.00   -1.29      0.126   0.126   0.000
   3  290.1  13/2+   1/2  19   -0.02   21.02   21.02    2.12    6.05       4.20    4.20    0.00   -0.66      0.210   0.210   0.000
   4  292.2   9/2+   1/2  19   -0.03   21.09   21.09    1.82    5.99       4.57    4.57    0.00   -4.70      0.229   0.229   0.000
   5  338.8   7/2+   5/2  22    2.21    1.67    1.67    6.34    1.79       5.62    5.62    0.00   -0.77      0.282   0.282   0.000
  
   6  392.9   9/2+  -7/2  20   -2.95    1.94    1.94   11.68    2.76       6.44    6.44   -0.00   -0.51      0.323   0.323  -0.000
   7  682.7   1/2+   1/2  18    0.50    3.49    3.49    0.25   -0.08       4.06    4.06    0.00   -2.56      0.203   0.203   0.000
   8  689.8   3/2+   1/2  18    0.44    3.49    3.49    0.31    0.84       3.89    3.89   -0.00   -2.03      0.195   0.195  -0.000
   9  714.1   5/2+   1/2  19   -0.08   21.20   21.20    1.32    5.74       9.25    9.25    0.00   -6.22      0.463   0.463   0.000
  10  766.4   9/2+   5/2  22    1.98    1.71    1.71    6.45    1.54       9.65    9.65   -0.00   -0.50      0.483   0.483  -0.000
  
  11  876.7  11/2+  -7/2  20   -2.69    2.00    2.00   11.40    2.45      10.93   10.93   -0.00   -0.16      0.547   0.547  -0.000
  12 1085.0   5/2+   1/2  18    0.34    3.22    3.22    0.42    0.25       7.07    7.07    0.00   -1.63      0.354   0.354   0.000
  13 1093.7  11/2+  -3/2  21    0.04   20.13   20.13    5.01    5.17       9.59    9.59    0.00   -3.28      0.480   0.480   0.000
  14 1125.2   7/2+  -3/2  21   -0.01   20.49   20.49    3.89    4.70      11.66   11.66    0.00   -5.43      0.584   0.584   0.000
  15 1131.5   7/2+   1/2  18    0.33    3.33    3.33    0.44    0.95       7.65    7.65    0.00   -0.85      0.383   0.383   0.000
  
  16 1270.7   3/2+  -3/2  24   -1.37    1.38    1.38    2.12    1.01       2.35    2.35    0.00   -1.34      0.118   0.118   0.000
  17 1287.3  11/2+   5/2  22    1.75    1.75    1.75    6.51    1.40      14.53   14.53   -0.00   -0.31      0.728   0.728  -0.000
  18 1291.4   1/2+   1/2  25    0.50    1.31    1.31    0.25    0.44       1.44    1.44    0.00   -1.47      0.072   0.072   0.000
  19 1452.7  13/2+  -7/2  20   -2.46    2.07    2.07   11.15    2.25      16.32   16.32   -0.00    0.07      0.818   0.818  -0.000
  20 1465.7   5/2+  -3/2  24   -0.84    1.36    1.36    1.64    0.93       3.80    3.80   -0.00   -0.58      0.190   0.190  -0.000
  
  21 1510.5   3/2+   1/2  25    0.35    1.36    1.36    0.40   -0.07       3.58    3.58   -0.00   -1.22      0.179   0.179  -0.000
  22 1618.8   3/2+  -3/2  21   -1.13   20.99   20.99    1.88    2.53      18.90   18.90    0.00   -6.34      0.947   0.947   0.000
  23 1646.2   1/2+   1/2  19    0.50   21.33   21.33    0.25    3.99      18.37   18.37    0.00   -6.51      0.920   0.920   0.000
  24 1758.1   5/2+   1/2  25   -0.01    1.66    1.66    0.79   -0.29       7.28    7.28   -0.00   -1.30      0.365   0.365  -0.000
  25 1769.7   3/2+  -3/2  17   -1.43    4.20    4.20    2.18    0.99       5.23    5.23   -0.00   -2.67      0.262   0.262  -0.000
  
  26 1844.4   9/2+   1/2  18    0.22    2.98    2.98    0.58    0.37      13.78   13.78   -0.00   -0.89      0.690   0.690  -0.000
  27 1886.0   7/2+  -3/2  24   -1.04    1.67    1.67    1.98    0.43       8.84    8.84   -0.00   -0.86      0.443   0.443  -0.000
  28 1904.6  13/2+   5/2  22    1.57    1.79    1.79    6.58    1.30      20.40   20.40   -0.00   -0.17      1.022   1.022  -0.000
  29 1947.9   9/2+   5/2  23    0.45   19.58   19.58    6.44    4.09      14.85   14.85    0.00   -4.64      0.744   0.744   0.000
  30 1957.2  11/2+   1/2  18    0.28    3.19    3.19    0.57    0.99      15.46   15.46   -0.00   -0.19      0.774   0.774  -0.000
  
  31 2319.3  13/2+   5/2  23    0.15   19.13   19.13    7.58    4.44      16.30   16.30   -0.00   -2.60      0.817   0.817  -0.000
  32 2896.7  11/2+  -3/2  24   -0.80    2.00    2.00    2.00    0.30      19.07   19.07   -0.00   -0.68      0.955   0.955  -0.000
  33 2988.9  13/2+   1/2  18    0.22    2.80    2.80    0.69    0.40      24.70   24.70    0.00   -0.49      1.238   1.238   0.000
  34 4072.5   1/2+   1/2  27    0.50   13.82   13.82    0.25   -2.26      16.28   16.28   -0.00   -5.23      0.816   0.816  -0.000
  3559817.0   1/2+  -3/2  21    0.00    0.00    0.00    0.00    0.00       0.00    0.00    0.00   -0.00      0.000   0.000   0.000
  
