1SPECTRUM OF (Z= 79 A=197) IN PARTICLE-ROTOR  MODEL WITH MODIFIED OSCILLATOR POTENTIAL


 PARITY=+   EPS= 0.500   GAMMA=  0.0   EPS4=0.000   EPS6=0.000   LEVELS:  14  15  16  17  18  19  20  21  22  23  24  25  26  27  28

 PAIRING FACTORS: GN0= 19.20  GN1=  7.40  IPAIR= 15 ***  E2PLUS(INPUT)=   0.434  E2PLUR(INPUT)=   0.000

 CORIOLIS ATTENUATION PARAMETERS:  CHSI=1.000  ETA=  1.00

 MOMENT OF INERTIA PARAMETERS:   A1=  0.072 MEV   A2=  0.072 MEV   A3= 72.48348 MEV


 DELTA=0.778 MEV  LAMBDA=40.3566 MEV   HW0= 6.7980 MEV   LAMBDA/HW0= 5.9366

 E2ENERGY=0.434 MEV  HBAR**2/B=24552./A**(7/3)=4219.5/A**2 MEV

 IREC=0  =>  RECOIL TERMS j+j-, j+j+, jzjz, ETC TREATED AS ONE-BODY OPERATORS WITH UU+VV PAIRING FACTORS



 S. P. LEVEL   EQP       U     V        (UU + VV)**1.00

     14       4.865    0.080 0.997      1.000 0.997 0.990 0.990 0.986 0.980 0.887 0.542 0.305 0.260 0.237 0.216 0.184 0.173 0.171
     15       2.466    0.160 0.987      0.997 1.000 0.998 0.998 0.996 0.993 0.921 0.607 0.380 0.337 0.314 0.293 0.262 0.252 0.249
     16       1.806    0.221 0.975      0.990 0.998 1.000 1.000 1.000 0.998 0.943 0.656 0.437 0.394 0.372 0.352 0.322 0.311 0.309
     17       1.788    0.223 0.975      0.990 0.998 1.000 1.000 1.000 0.999 0.944 0.658 0.439 0.397 0.375 0.354 0.324 0.314 0.312
     18       1.651    0.243 0.970      0.986 0.996 1.000 1.000 1.000 0.999 0.951 0.673 0.457 0.415 0.393 0.373 0.343 0.333 0.331
     19       1.470    0.275 0.961      0.980 0.993 0.998 0.999 0.999 1.000 0.961 0.697 0.487 0.445 0.424 0.404 0.375 0.364 0.362
     20       0.864    0.532 0.847      0.887 0.921 0.943 0.944 0.951 0.961 1.000 0.869 0.710 0.677 0.659 0.643 0.618 0.609 0.607
     21       0.934    0.881 0.473      0.542 0.607 0.656 0.658 0.673 0.697 0.869 1.000 0.966 0.952 0.945 0.938 0.926 0.922 0.921
     22       1.758    0.974 0.227      0.305 0.380 0.437 0.439 0.457 0.487 0.710 0.966 1.000 0.999 0.998 0.996 0.992 0.991 0.991
     23       2.177    0.983 0.182      0.260 0.337 0.394 0.397 0.415 0.445 0.677 0.952 0.999 1.000 1.000 0.999 0.997 0.996 0.996
     24       2.490    0.987 0.158      0.237 0.314 0.372 0.375 0.393 0.424 0.659 0.945 0.998 1.000 1.000 1.000 0.999 0.998 0.998
     25       2.875    0.991 0.137      0.216 0.293 0.352 0.354 0.373 0.404 0.643 0.938 0.996 0.999 1.000 1.000 0.999 0.999 0.999
     26       3.729    0.994 0.105      0.184 0.262 0.322 0.324 0.343 0.375 0.618 0.926 0.992 0.997 0.999 0.999 1.000 1.000 1.000
     27       4.169    0.996 0.094      0.173 0.252 0.311 0.314 0.333 0.364 0.609 0.922 0.991 0.996 0.998 0.999 1.000 1.000 1.000
     28       4.269    0.996 0.092      0.171 0.249 0.309 0.312 0.331 0.362 0.607 0.921 0.991 0.996 0.998 0.999 1.000 1.000 1.000

  R CORE   ENERGY   A0R/A00=1.000    R3= 0     2  
   2( 1)    0.435                    1.000 0.000
   2( 2)  290.079                    0.000 1.000

  R CORE   ENERGY   A0R/A00=1.000    R3= 0     2  
   3( 1)  290.514                    0.000 1.000

  R CORE   ENERGY   A0R/A00=1.000    R3= 0     2     4  
   4( 1)    1.450                    1.000 0.000 0.000

  R CORE   ENERGY   A0R/A00=1.000    R3= 0     2     4  
   5( 1)  291.818                    0.000 1.000 0.000

  R CORE   ENERGY   A0R/A00=1.000    R3= 0     2     4     6  
   6( 1)    3.044                    1.000 0.000 0.000 0.000

  R CORE   ENERGY   A0R/A00=1.000    R3= 0     2     4     6  
   7( 1)  293.703                    0.000 1.000 0.000 0.000

          AXIAL SYMMETRY => K RESTRICTED TO OMEGA

                     K
     S.P. ORB#: 14 -3.50
     S.P. ORB#: 15  0.50
     S.P. ORB#: 16  2.50
     S.P. ORB#: 17  4.50
     S.P. ORB#: 18 -1.50
     S.P. ORB#: 19 -1.50
     S.P. ORB#: 20  0.50
     S.P. ORB#: 21  2.50
     S.P. ORB#: 22  0.50
     S.P. ORB#: 23 -3.50
     S.P. ORB#: 24  2.50
     S.P. ORB#: 25 -3.50
     S.P. ORB#: 26 -1.50
     S.P. ORB#: 27  0.50
     S.P. ORB#: 28 -1.50
 

             ENERGY    K= OMEGA
 
 I=  1/2+ (1)  1.532  20:-1.000
 
 I=  1/2+ (2)  3.624  15:-0.160
                      22: 0.958
                      27:-0.236
 
 I=  1/2+ (3)  4.804  15: 0.976
                      22: 0.190
                      27: 0.107
 
 I=  1/2+ (4)  5.954  15: 0.148
                      22:-0.213
                      27:-0.966
 
 I=  1/2+ (5) 88.450  19: 1.000

             ENERGY    K= OMEGA
 
 I=  3/2+ (1)  1.584  18:-0.090
                      20: 0.995
                      28:-0.051
 
 I=  3/2+ (2)  2.427  18:-0.996
                      20:-0.090
 
 I=  3/2+ (3)  3.110  15:-0.095
                      19: 0.054
                      22: 0.969
                      26: 0.214
                      27: 0.062
 
 I=  3/2+ (4)  4.144  15:-0.318
                      19: 0.942
                      22:-0.094
 
 I=  3/2+ (5)  4.598  20: 0.052
                      28: 0.999

             ENERGY    K= OMEGA
 
 I=  5/2+ (1)  2.162  18: 0.210
                      20: 0.972
                      24:-0.051
                      28: 0.088
 
 I=  5/2+ (2)  2.633  16:-0.746
                      18: 0.592
                      20:-0.158
                      24:-0.258
 
 I=  5/2+ (3)  2.759  16:-0.630
                      18:-0.513
                      20: 0.126
                      24: 0.569
 
 I=  5/2+ (4)  3.034  16: 0.212
                      18: 0.585
                      20:-0.076
                      24: 0.778
 
 I=  5/2+ (5)  3.097  15:-0.539
                      19:-0.628
                      21:-0.561

             ENERGY    K= OMEGA
 
 I=  7/2+ (1)  2.299  18: 0.182
                      20:-0.976
                      24: 0.051
                      28: 0.107
 
 I=  7/2+ (2)  2.618  16: 0.337
                      18: 0.099
                      20: 0.052
                      23: 0.928
                      24: 0.117
 
 I=  7/2+ (3)  3.034  15: 0.095
                      19:-0.106
                      21: 0.073
                      22:-0.913
                      26:-0.341
                      27:-0.156
 
 I=  7/2+ (4)  3.109  16:-0.411
                      18:-0.732
                      20:-0.160
                      23: 0.291
                      24:-0.431
 
 I=  7/2+ (5)  3.162  15:-0.171
                      19: 0.519
                      21:-0.756
                      22:-0.126
                      25: 0.332
                      26:-0.059

             ENERGY    K= OMEGA
 
 I=  9/2+ (1)  2.344  14:-0.147
                      17:-0.988
 
 I=  9/2+ (2)  2.642  15:-0.576
                      19:-0.595
                      21:-0.509
                      25:-0.228
 
 I=  9/2+ (3)  3.172  16: 0.420
                      18:-0.240
                      20:-0.210
                      23:-0.826
                      24: 0.195
 
 I=  9/2+ (4)  3.317  16: 0.088
                      18: 0.329
                      20: 0.870
                      23:-0.303
                      24:-0.118
                      28: 0.145
 
 I=  9/2+ (5)  3.771  16:-0.254
                      18: 0.659
                      20:-0.395
                      23:-0.332
                      24:-0.481
                      28:-0.056

             ENERGY    K= OMEGA
 
 I= 11/2+ (1)  3.028  14:-0.211
                      17: 0.974
                      23: 0.063
 
 I= 11/2+ (2)  3.359  15:-0.192
                      19: 0.522
                      21:-0.722
                      25: 0.411
 
 I= 11/2+ (3)  3.441  15:-0.066
                      22: 0.889
                      26: 0.402
                      27: 0.204
 
 I= 11/2+ (4)  3.563  16:-0.057
                      18:-0.254
                      20: 0.945
                      23:-0.068
                      24:-0.106
                      28:-0.152
 
 I= 11/2+ (5)  3.891  16:-0.476
                      17: 0.075
                      18:-0.171
                      20:-0.150
                      23:-0.824
                      24:-0.190

             ENERGY    K= OMEGA
 
 I= 13/2+ (1)  2.847  15: 0.617
                      19: 0.588
                      21: 0.464
                      22: 0.058
                      25: 0.230
 
 I= 13/2+ (2)  3.843  14:-0.260
                      16:-0.062
                      17:-0.960
                      23: 0.078
 
 I= 13/2+ (3)  4.712  16: 0.483
                      17:-0.091
                      18:-0.328
                      20:-0.203
                      23:-0.733
                      24: 0.269
 
 I= 13/2+ (4)  4.998  16:-0.162
                      18:-0.407
                      20:-0.773
                      23: 0.366
                      24: 0.196
                      28:-0.191
 
 I= 13/2+ (5)  5.004  15:-0.547
                      19:-0.133
                      21: 0.628
                      25: 0.537

             ENERGY     K=-3/2
  35 LEVELS    TIME=  0.0 SEC



 ******************* EXCITATION ENERGIES, DOMINANT CONFIGURATION AND EXPECTATION VALUES (WITH S.P. UU+VV FACTORS) *******************

  NR  Eex(keV)  I   Kdom  NY    <Jz>  <Jx**2> <Jy**2> <Jz**2> <I.j>/|I|  <Rx**2> <Ry**2> <Rz**2> <R.j>/|R|  <HROTx> <HROTy> <HROTz>

   1    0.0   1/2+   1/2  20    0.50    4.01    4.01    0.25   -0.11       4.61    4.61    0.00   -2.76      0.334   0.334   0.000
   2   52.3   3/2+   1/2  20    0.48    4.01    4.01    0.27    0.60       4.86    4.86    0.00   -2.29      0.353   0.353   0.000
   3  630.3   5/2+   1/2  20    0.40    4.01    4.01    0.37    0.02       8.50    8.50    0.00   -2.02      0.616   0.616   0.000
   4  766.8   7/2+   1/2  20    0.42    4.00    4.00    0.36    0.67       9.41    9.41    0.00   -1.32      0.682   0.682   0.000
   5  812.4   9/2+   9/2  17    4.31    2.34    2.34   20.05    4.29       3.37    3.37    0.00   -1.29      0.245   0.245   0.000
  
   6  895.4   3/2+  -3/2  18   -1.48    4.55    4.55    2.23    1.11       5.40    5.40    0.00   -2.80      0.391   0.391   0.000
   7 1086.0   7/2+  -7/2  23   -2.71    2.25    2.25   11.36    3.14       3.36    3.36    0.00   -1.32      0.243   0.243   0.000
   8 1101.3   5/2+   5/2  16    1.04    4.61    4.61    4.69    1.83       5.91    5.91    0.00   -2.47      0.429   0.429   0.000
   9 1110.2   9/2+  -3/2  19    0.10   19.13   19.13    3.14    5.39       6.23    6.23   -0.00   -4.12      0.452   0.452  -0.000
  10 1227.5   5/2+   5/2  16    1.41    3.69    3.69    5.10    1.75       5.43    5.43   -0.00   -2.21      0.394   0.394  -0.000
  
  11 1315.6  13/2+   1/2  15    0.02   19.15   19.15    2.87    5.42       7.12    7.12   -0.00   -0.88      0.516   0.516  -0.000
  12 1496.5  11/2+   9/2  17    4.11    2.43    2.43   19.83    3.78       7.60    7.60    0.00   -0.53      0.551   0.551   0.000
  13 1501.9   5/2+   5/2  24    1.11    2.88    2.88    4.84    1.25       5.99    5.99    0.00   -2.00      0.434   0.434   0.000
  14 1502.2   7/2+   1/2  22    0.25   12.72   12.72    0.55    3.54       6.82    6.82   -0.00   -3.23      0.494   0.494  -0.000
  15 1565.4   5/2+  -3/2  19    0.34   19.14   19.14    2.93    4.93      10.39   10.39    0.00   -5.84      0.753   0.753   0.000
  
  16 1576.9   7/2+  -3/2  18   -0.20    3.89    3.89    4.46    1.35       8.62    8.62    0.00   -1.65      0.625   0.625   0.000
  17 1578.3   3/2+   1/2  22    0.40   12.17   12.17    0.35    2.90       8.61    8.61   -0.00   -4.60      0.624   0.624  -0.000
  18 1630.4   7/2+   5/2  21    0.66   18.92   18.92    5.55    4.32      12.43   12.43    0.00   -5.26      0.901   0.901   0.000
  19 1639.9   9/2+  -7/2  23   -1.91    2.67    2.67    9.87    2.44       7.83    7.83    0.00   -0.77      0.568   0.568   0.000
  20 1785.5   9/2+   1/2  20   -0.08    3.80    3.80    1.75    0.45      14.80   14.80    0.00   -1.31      1.073   1.073   0.000
  
  21 1827.2  11/2+   5/2  21    0.32   18.85   18.85    5.95    4.46      13.05   13.05    0.00   -3.33      0.946   0.946   0.000
  22 1909.4  11/2+   1/2  22    0.17   12.93   12.93    0.58    3.74       8.71    8.71   -0.00   -0.97      0.631   0.631  -0.000
  23 2031.1  11/2+   1/2  20    0.34    3.96    3.96    0.57    0.77      17.54   17.54   -0.00   -0.66      1.271   1.271  -0.000
  24 2092.0   1/2+   1/2  22    0.50   10.82   10.82    0.25   -0.57      11.82   11.82   -0.00   -4.61      0.857   0.857  -0.000
  25 2239.5   9/2+  -3/2  18   -0.22    3.55    3.55    4.22    0.89      13.61   13.61   -0.00   -1.32      0.986   0.986  -0.000
  
  26 2311.1  13/2+   9/2  17    3.90    2.53    2.53   19.60    3.44      12.72   12.72    0.00   -0.13      0.922   0.922   0.000
  27 2358.9  11/2+  -7/2  23   -1.73    2.70    2.70   10.15    2.18      12.63   12.63    0.00   -0.50      0.915   0.915   0.000
  28 2612.4   3/2+  -3/2  19   -1.28   19.36   19.36    2.03    2.35      17.70   17.70   -0.00   -6.08      1.283   1.283  -0.000
  29 3065.8   3/2+  -3/2  28   -1.49    1.47    1.47    2.24    1.10       2.33    2.33   -0.00   -1.41      0.169   0.169  -0.000
  30 3180.4  13/2+  -7/2  23   -1.22    2.98    2.98    8.90    1.88      18.69   18.69    0.00   -0.29      1.355   1.355   0.000
  
  31 3272.2   1/2+   1/2  15    0.50   18.69   18.69    0.25    3.50      16.16   16.16    0.00   -6.09      1.172   1.172   0.000
  32 3466.1  13/2+   1/2  20   -0.30    3.66    3.66    2.68    0.64      24.93   24.93    0.00   -0.79      1.807   1.807   0.000
  33 3472.5  13/2+   5/2  21    0.10   18.39   18.39    6.11    3.56      20.97   20.97    0.00   -2.79      1.520   1.520   0.000
  34 4422.6   1/2+   1/2  27    0.50   13.27   13.27    0.25    0.51      13.33   13.33   -0.00   -5.10      0.966   0.966  -0.000
  3586918.3   1/2+  -3/2  19    0.00    0.00    0.00    0.00   -0.00       0.00    0.00    0.00   -0.00      0.000   0.000   0.000
  
