1SPECTRUM OF (Z= 79 A=197) IN PARTICLE-ROTOR  MODEL WITH MODIFIED OSCILLATOR POTENTIAL


 PARITY=+   EPS= 0.500   GAMMA=  0.0   EPS4=0.000   EPS6=0.000   LEVELS:  14  15  16  17  18  19  20  21  22  23  24  25  26  27  28

 PAIRING FACTORS: GN0= 19.20  GN1=  7.40  IPAIR= 15 ***  E2PLUS(INPUT)=   0.170  E2PLUR(INPUT)=   0.000

 CORIOLIS ATTENUATION PARAMETERS:  CHSI=1.000  ETA=  1.00

 MOMENT OF INERTIA PARAMETERS:   A1=  0.028 MEV   A2=  0.028 MEV   A3= 28.39215 MEV


 DELTA=0.778 MEV  LAMBDA=40.3566 MEV   HW0= 6.7980 MEV   LAMBDA/HW0= 5.9366

 E2ENERGY=0.170 MEV  HBAR**2/B= 9617./A**(7/3)=1652.8/A**2 MEV

 IREC=0  =>  RECOIL TERMS j+j-, j+j+, jzjz, ETC TREATED AS ONE-BODY OPERATORS WITH UU+VV PAIRING FACTORS



 S. P. LEVEL   EQP       U     V        (UU + VV)**1.00

     14       4.865    0.080 0.997      1.000 0.997 0.990 0.990 0.986 0.980 0.887 0.542 0.305 0.260 0.237 0.216 0.184 0.173 0.171
     15       2.466    0.160 0.987      0.997 1.000 0.998 0.998 0.996 0.993 0.921 0.607 0.380 0.337 0.314 0.293 0.262 0.252 0.249
     16       1.806    0.221 0.975      0.990 0.998 1.000 1.000 1.000 0.998 0.943 0.656 0.437 0.394 0.372 0.352 0.322 0.311 0.309
     17       1.788    0.223 0.975      0.990 0.998 1.000 1.000 1.000 0.999 0.944 0.658 0.439 0.397 0.375 0.354 0.324 0.314 0.312
     18       1.651    0.243 0.970      0.986 0.996 1.000 1.000 1.000 0.999 0.951 0.673 0.457 0.415 0.393 0.373 0.343 0.333 0.331
     19       1.470    0.275 0.961      0.980 0.993 0.998 0.999 0.999 1.000 0.961 0.697 0.487 0.445 0.424 0.404 0.375 0.364 0.362
     20       0.864    0.532 0.847      0.887 0.921 0.943 0.944 0.951 0.961 1.000 0.869 0.710 0.677 0.659 0.643 0.618 0.609 0.607
     21       0.934    0.881 0.473      0.542 0.607 0.656 0.658 0.673 0.697 0.869 1.000 0.966 0.952 0.945 0.938 0.926 0.922 0.921
     22       1.758    0.974 0.227      0.305 0.380 0.437 0.439 0.457 0.487 0.710 0.966 1.000 0.999 0.998 0.996 0.992 0.991 0.991
     23       2.177    0.983 0.182      0.260 0.337 0.394 0.397 0.415 0.445 0.677 0.952 0.999 1.000 1.000 0.999 0.997 0.996 0.996
     24       2.490    0.987 0.158      0.237 0.314 0.372 0.375 0.393 0.424 0.659 0.945 0.998 1.000 1.000 1.000 0.999 0.998 0.998
     25       2.875    0.991 0.137      0.216 0.293 0.352 0.354 0.373 0.404 0.643 0.938 0.996 0.999 1.000 1.000 0.999 0.999 0.999
     26       3.729    0.994 0.105      0.184 0.262 0.322 0.324 0.343 0.375 0.618 0.926 0.992 0.997 0.999 0.999 1.000 1.000 1.000
     27       4.169    0.996 0.094      0.173 0.252 0.311 0.314 0.333 0.364 0.609 0.922 0.991 0.996 0.998 0.999 1.000 1.000 1.000
     28       4.269    0.996 0.092      0.171 0.249 0.309 0.312 0.331 0.362 0.607 0.921 0.991 0.996 0.998 0.999 1.000 1.000 1.000

  R CORE   ENERGY   A0R/A00=1.000    R3= 0     2  
   2( 1)    0.170                    1.000 0.000
   2( 2)  113.625                    0.000 1.000

  R CORE   ENERGY   A0R/A00=1.000    R3= 0     2  
   3( 1)  113.796                    0.000 1.000

  R CORE   ENERGY   A0R/A00=1.000    R3= 0     2     4  
   4( 1)    0.568                    1.000 0.000 0.000

  R CORE   ENERGY   A0R/A00=1.000    R3= 0     2     4  
   5( 1)  114.307                    0.000 1.000 0.000

  R CORE   ENERGY   A0R/A00=1.000    R3= 0     2     4     6  
   6( 1)    1.192                    1.000 0.000 0.000 0.000

  R CORE   ENERGY   A0R/A00=1.000    R3= 0     2     4     6  
   7( 1)  115.045                    0.000 1.000 0.000 0.000

          AXIAL SYMMETRY => K RESTRICTED TO OMEGA

                     K
     S.P. ORB#: 14 -3.50
     S.P. ORB#: 15  0.50
     S.P. ORB#: 16  2.50
     S.P. ORB#: 17  4.50
     S.P. ORB#: 18 -1.50
     S.P. ORB#: 19 -1.50
     S.P. ORB#: 20  0.50
     S.P. ORB#: 21  2.50
     S.P. ORB#: 22  0.50
     S.P. ORB#: 23 -3.50
     S.P. ORB#: 24  2.50
     S.P. ORB#: 25 -3.50
     S.P. ORB#: 26 -1.50
     S.P. ORB#: 27  0.50
     S.P. ORB#: 28 -1.50
 

             ENERGY    K= OMEGA
 
 I=  1/2+ (1)  1.126  20:-1.000
 
 I=  1/2+ (2)  2.525  15: 0.074
                      22:-0.993
                      27: 0.088
 
 I=  1/2+ (3)  3.381  15: 0.996
                      22: 0.079
 
 I=  1/2+ (4)  4.833  15: 0.053
                      22:-0.085
                      27:-0.995
 
 I=  1/2+ (5) 35.540  19: 1.000

             ENERGY    K= OMEGA
 
 I=  3/2+ (1)  1.150  20:-0.999
 
 I=  3/2+ (2)  1.953  18:-0.999
 
 I=  3/2+ (3)  2.320  15:-0.075
                      22: 0.990
                      26: 0.104
 
 I=  3/2+ (4)  2.558  15:-0.200
                      19: 0.978
                      22:-0.063
 
 I=  3/2+ (5)  4.020  15: 0.970
                      19: 0.200
                      22: 0.054
                      26: 0.068
                      27: 0.106

             ENERGY    K= OMEGA
 
 I=  5/2+ (1)  1.385  18: 0.069
                      20: 0.997
 
 I=  5/2+ (2)  1.966  15:-0.145
                      19:-0.396
                      21:-0.907
 
 I=  5/2+ (3)  2.076  16:-0.401
                      18: 0.910
                      20:-0.064
                      24:-0.088
 
 I=  5/2+ (4)  2.172  16:-0.916
                      18:-0.396
                      24: 0.062
 
 I=  5/2+ (5)  2.577  15:-0.517
                      19:-0.751
                      21: 0.411

             ENERGY    K= OMEGA
 
 I=  7/2+ (1)  1.442  18: 0.079
                      20:-0.996
 
 I=  7/2+ (2)  1.978  15: 0.110
                      19:-0.444
                      21: 0.869
                      25:-0.186
 
 I=  7/2+ (3)  2.239  16:-0.578
                      18:-0.728
                      20:-0.060
                      23:-0.343
                      24:-0.119
 
 I=  7/2+ (4)  2.327  16: 0.462
                      18:-0.637
                      23: 0.609
                      24:-0.079
 
 I=  7/2+ (5)  2.366  15: 0.070
                      22:-0.971
                      26:-0.205
                      27:-0.088

             ENERGY    K= OMEGA
 
 I=  9/2+ (1)  1.865  18: 0.126
                      20: 0.990
                      28: 0.054
 
 I=  9/2+ (2)  1.958  15:-0.313
                      19:-0.540
                      21:-0.751
                      25:-0.212
 
 I=  9/2+ (3)  2.026  14: 0.070
                      17: 0.997
 
 I=  9/2+ (4)  2.456  16:-0.633
                      18: 0.609
                      20:-0.086
                      23: 0.448
                      24:-0.139
 
 I=  9/2+ (5)  2.575  16: 0.352
                      18: 0.737
                      20:-0.091
                      23:-0.557
                      24:-0.120

             ENERGY    K= OMEGA
 
 I= 11/2+ (1)  1.957  18: 0.115
                      20:-0.991
                      28: 0.061
 
 I= 11/2+ (2)  2.135  15: 0.148
                      19:-0.503
                      21: 0.804
                      25:-0.279
 
 I= 11/2+ (3)  2.316  14:-0.104
                      17: 0.993
 
 I= 11/2+ (4)  2.591  15:-0.067
                      22: 0.950
                      26: 0.272
                      27: 0.131
 
 I= 11/2+ (5)  2.727  16: 0.645
                      18: 0.562
                      20: 0.073
                      23: 0.486
                      24: 0.158

             ENERGY    K= OMEGA
 
 I= 13/2+ (1)  2.124  15:-0.425
                      19:-0.582
                      21:-0.650
                      25:-0.236
 
 I= 13/2+ (2)  2.564  18:-0.188
                      20:-0.978
                      28:-0.076
 
 I= 13/2+ (3)  2.659  14:-0.133
                      17:-0.989
                      23: 0.055
 
 I= 13/2+ (4)  3.059  16:-0.655
                      17: 0.060
                      18: 0.507
                      20:-0.122
                      23: 0.516
                      24:-0.169
 
 I= 13/2+ (5)  3.111  15: 0.636
                      19: 0.341
                      21:-0.601
                      25:-0.340

             ENERGY     K=-3/2
  35 LEVELS    TIME=  0.0 SEC



 ******************* EXCITATION ENERGIES, DOMINANT CONFIGURATION AND EXPECTATION VALUES (WITH S.P. UU+VV FACTORS) *******************

  NR  Eex(keV)  I   Kdom  NY    <Jz>  <Jx**2> <Jy**2> <Jz**2> <I.j>/|I|  <Rx**2> <Ry**2> <Rz**2> <R.j>/|R|  <HROTx> <HROTy> <HROTz>

   1    0.0   1/2+   1/2  20    0.50    4.01    4.01    0.25   -0.11       4.61    4.61    0.00   -2.76      0.131   0.131   0.000
   2   24.0   3/2+   1/2  20    0.50    4.01    4.01    0.25    0.53       4.99    4.99    0.00   -2.30      0.142   0.142   0.000
   3  259.9   5/2+   1/2  20    0.49    4.01    4.01    0.26   -0.18       9.06    9.06    0.00   -2.07      0.257   0.257   0.000
   4  316.8   7/2+   1/2  20    0.48    4.01    4.01    0.27    0.51      10.00   10.00    0.00   -1.40      0.284   0.284   0.000
   5  739.8   9/2+   1/2  20    0.46    4.01    4.01    0.29   -0.14      17.23   17.23    0.00   -1.54      0.489   0.489   0.000
  
   6  827.9   3/2+  -3/2  18   -1.50    4.56    4.56    2.25    1.14       5.35    5.35    0.00   -2.80      0.152   0.152   0.000
   7  831.6  11/2+   1/2  20    0.47    4.01    4.01    0.29    0.53      18.84   18.84    0.00   -0.83      0.535   0.535   0.000
   8  833.0   9/2+   5/2  21    0.86   19.09   19.09    4.76    4.58      11.06   11.06    0.00   -4.29      0.314   0.314   0.000
   9  840.2   5/2+   5/2  21    1.83   19.09   19.09    5.50    3.41      16.11   16.11   -0.00   -5.91      0.458   0.458  -0.000
  10  852.9   7/2+   5/2  21    1.48   19.05   19.05    5.59    3.70      15.02   15.02    0.00   -5.29      0.426   0.426   0.000
  
  11  900.1   9/2+   9/2  17    4.45    2.27    2.27   20.20    4.19       3.91    3.91    0.00   -1.40      0.111   0.111   0.000
  12  950.5   5/2+  -3/2  18   -0.82    4.60    4.60    2.91    1.16       6.99    6.99    0.00   -2.32      0.198   0.198   0.000
  13  998.2  13/2+   5/2  21    0.44   19.11   19.11    4.13    4.96      10.89   10.89    0.00   -1.65      0.309   0.309   0.000
  14 1009.9  11/2+   5/2  21    0.98   19.00   19.00    5.57    4.04      15.50   15.50    0.00   -3.49      0.440   0.440   0.000
  15 1046.4   5/2+   5/2  16    1.87    4.85    4.85    5.62    1.76       6.84    6.84    0.00   -2.74      0.194   0.194   0.000
  
  16 1113.4   7/2+  -3/2  18   -0.33    4.34    4.34    4.82    1.62       8.18    8.18    0.00   -1.74      0.232   0.232   0.000
  17 1190.4  11/2+   9/2  17    4.40    2.29    2.29   20.14    3.60       8.69    8.69    0.00   -0.76      0.247   0.247   0.000
  18 1194.0   3/2+   1/2  22    0.47   12.00   12.00    0.28    2.37       9.42    9.42   -0.00   -4.53      0.268   0.268  -0.000
  19 1201.9   7/2+  -3/2  18   -1.36    3.61    3.61    6.84    1.78       7.83    7.83    0.00   -1.76      0.222   0.222   0.000
  20 1240.8   7/2+   1/2  22    0.41   12.29   12.29    0.34    2.88       8.89    8.89   -0.00   -3.20      0.253   0.253  -0.000
  
  21 1330.2   9/2+   5/2  16   -0.20    4.13    4.13    5.93    1.70      11.02   11.02    0.00   -1.22      0.313   0.313   0.000
  22 1399.4   1/2+   1/2  22    0.50   11.51   11.51    0.25   -1.27      13.11   13.11   -0.00   -4.76      0.372   0.372  -0.000
  23 1433.0   3/2+  -3/2  19   -1.41   19.46   19.46    2.16    2.05      18.43   18.43   -0.00   -6.11      0.523   0.523  -0.000
  24 1438.6  13/2+   1/2  20    0.42    4.02    4.02    0.34   -0.07      29.06   29.06    0.00   -1.16      0.825   0.825   0.000
  25 1449.1   9/2+  -3/2  18   -1.55    3.71    3.71    5.90    1.22      12.95   12.95    0.00   -1.42      0.368   0.368   0.000
  
  26 1451.4   5/2+  -3/2  19   -0.29   19.21   19.21    2.39    2.84      16.37   16.37   -0.00   -5.66      0.465   0.465  -0.000
  27 1465.4  11/2+   1/2  22    0.35   12.52   12.52    0.40    3.22      11.34   11.34   -0.00   -1.30      0.322   0.322  -0.000
  28 1533.8  13/2+   9/2  17    4.33    2.32    2.32   20.06    3.20      14.37   14.37    0.00   -0.44      0.408   0.408   0.000
  29 1601.3  11/2+   5/2  16   -0.19    4.02    4.02    6.40    1.64      15.31   15.31    0.00   -0.84      0.435   0.435   0.000
  30 1933.5  13/2+   5/2  16   -0.15    3.93    3.93    6.78    1.54      20.91   20.91    0.00   -0.60      0.594   0.594   0.000
  
  31 1985.3  13/2+   1/2  15    0.53   18.83   18.83    4.04    3.28      22.31   22.31    0.00   -2.81      0.633   0.633   0.000
  32 2255.2   1/2+   1/2  15    0.50   18.79   18.79    0.25    3.67      16.11   16.11    0.00   -6.10      0.458   0.458   0.000
  33 2894.3   3/2+   1/2  15    0.41   18.50   18.50    0.34   -3.67      27.65   27.65   -0.00   -5.98      0.785   0.785  -0.000
  34 3708.0   1/2+   1/2  27    0.50   12.48   12.48    0.25    1.04      12.08   12.08   -0.00   -4.95      0.343   0.343  -0.000
  3534414.9   1/2+  -3/2  19    0.00    0.00    0.00    0.00   -0.00       0.00    0.00    0.00   -0.00      0.000   0.000   0.000
  
