1SPECTRUM OF (Z= 79 A=197) IN PARTICLE-ROTOR  MODEL WITH MODIFIED OSCILLATOR POTENTIAL


 PARITY=+   EPS= 0.323   GAMMA=  0.0   EPS4=0.000   EPS6=0.000   LEVELS:  14  15  16  17  18  19  20  21  22  23  24  25  26  27  28

 PAIRING FACTORS: GN0= 19.20  GN1=  7.40  IPAIR= 15 ***  E2PLUS(INPUT)=   0.300  E2PLUR(INPUT)=   0.000

 CORIOLIS ATTENUATION PARAMETERS:  CHSI=1.000  ETA=  1.00

 MOMENT OF INERTIA PARAMETERS:   A1=  0.050 MEV   A2=  0.050 MEV   A3= 50.10380 MEV


 DELTA=1.088 MEV  LAMBDA=40.4325 MEV   HW0= 6.6652 MEV   LAMBDA/HW0= 6.0662

 E2ENERGY=0.300 MEV  HBAR**2/B= 7082./A**(7/3)=1217.2/A**2 MEV

 IREC=0  =>  RECOIL TERMS j+j-, j+j+, jzjz, ETC TREATED AS ONE-BODY OPERATORS WITH UU+VV PAIRING FACTORS



 S. P. LEVEL   EQP       U     V        (UU + VV)**1.00

     14       4.890    0.112 0.994      1.000 1.000 0.997 0.996 0.975 0.876 0.813 0.796 0.660 0.438 0.372 0.360 0.304 0.238 0.237
     15       4.220    0.130 0.992      1.000 1.000 0.998 0.997 0.979 0.885 0.823 0.806 0.674 0.454 0.389 0.377 0.321 0.256 0.254
     16       2.947    0.188 0.982      0.997 0.998 1.000 1.000 0.989 0.911 0.855 0.840 0.716 0.506 0.442 0.431 0.376 0.312 0.311
     17       2.774    0.200 0.980      0.996 0.997 1.000 1.000 0.991 0.916 0.862 0.846 0.725 0.517 0.453 0.442 0.388 0.324 0.322
     18       1.754    0.328 0.945      0.975 0.979 0.989 0.991 1.000 0.961 0.921 0.910 0.810 0.626 0.568 0.557 0.507 0.446 0.445
     19       1.154    0.577 0.817      0.876 0.885 0.911 0.916 0.961 1.000 0.993 0.989 0.941 0.817 0.774 0.765 0.726 0.677 0.676
     20       1.093    0.670 0.743      0.813 0.823 0.855 0.862 0.921 0.993 1.000 1.000 0.974 0.880 0.843 0.836 0.802 0.759 0.758
     21       1.089    0.691 0.723      0.796 0.806 0.840 0.846 0.910 0.989 1.000 1.000 0.980 0.893 0.858 0.852 0.819 0.778 0.777
     22       1.159    0.820 0.572      0.660 0.674 0.716 0.725 0.810 0.941 0.974 0.980 1.000 0.964 0.943 0.938 0.916 0.887 0.886
     23       1.724    0.942 0.335      0.438 0.454 0.506 0.517 0.626 0.817 0.880 0.893 0.964 1.000 0.997 0.996 0.990 0.977 0.977
     24       2.121    0.964 0.266      0.372 0.389 0.442 0.453 0.568 0.774 0.843 0.858 0.943 0.997 1.000 1.000 0.997 0.990 0.990
     25       2.216    0.967 0.254      0.360 0.377 0.431 0.442 0.557 0.765 0.836 0.852 0.938 0.996 1.000 1.000 0.998 0.992 0.992
     26       2.837    0.981 0.195      0.304 0.321 0.376 0.388 0.507 0.726 0.802 0.819 0.916 0.990 0.997 0.998 1.000 0.998 0.998
     27       4.283    0.992 0.128      0.238 0.256 0.312 0.324 0.446 0.677 0.759 0.778 0.887 0.977 0.990 0.992 0.998 1.000 1.000
     28       4.332    0.992 0.127      0.237 0.254 0.311 0.322 0.445 0.676 0.758 0.777 0.886 0.977 0.990 0.992 0.998 1.000 1.000

  R CORE   ENERGY   A0R/A00=1.000    R3= 0     2  
   2( 1)    0.301                    1.000 0.000
   2( 2)  200.515                    0.000 1.000

  R CORE   ENERGY   A0R/A00=1.000    R3= 0     2  
   3( 1)  200.816                    0.000 1.000

  R CORE   ENERGY   A0R/A00=1.000    R3= 0     2     4  
   4( 1)    1.002                    1.000 0.000 0.000

  R CORE   ENERGY   A0R/A00=1.000    R3= 0     2     4  
   5( 1)  201.718                    0.000 1.000 0.000

  R CORE   ENERGY   A0R/A00=1.000    R3= 0     2     4     6  
   6( 1)    2.104                    1.000 0.000 0.000 0.000

  R CORE   ENERGY   A0R/A00=1.000    R3= 0     2     4     6  
   7( 1)  203.021                    0.000 1.000 0.000 0.000

          AXIAL SYMMETRY => K RESTRICTED TO OMEGA

                     K
     S.P. ORB#: 14  0.50
     S.P. ORB#: 15  4.50
     S.P. ORB#: 16  2.50
     S.P. ORB#: 17 -1.50
     S.P. ORB#: 18  0.50
     S.P. ORB#: 19 -3.50
     S.P. ORB#: 20  0.50
     S.P. ORB#: 21  2.50
     S.P. ORB#: 22 -1.50
     S.P. ORB#: 23  2.50
     S.P. ORB#: 24 -1.50
     S.P. ORB#: 25  0.50
     S.P. ORB#: 26 -3.50
     S.P. ORB#: 27  0.50
     S.P. ORB#: 28  4.50
 

             ENERGY    K= OMEGA
 
 I=  1/2+ (1)  2.142  18:-0.955
                      25:-0.295
 
 I=  1/2+ (2)  2.360  18: 0.294
                      25:-0.955
 
 I=  1/2+ (3)  2.983  20: 1.000
 
 I=  1/2+ (4)  5.429  14: 0.999
 
 I=  1/2+ (5)  5.984  27:-1.000

             ENERGY    K= OMEGA
 
 I=  3/2+ (1)  2.110  18: 0.877
                      24:-0.435
                      25:-0.197
 
 I=  3/2+ (2)  2.366  18: 0.458
                      24: 0.882
                      25: 0.101
 
 I=  3/2+ (3)  2.573  17:-0.063
                      18: 0.127
                      24:-0.180
                      25: 0.973
 
 I=  3/2+ (4)  3.084  20: 0.474
                      22:-0.880
 
 I=  3/2+ (5)  3.252  14:-0.103
                      17:-0.992
                      25:-0.060

             ENERGY    K= OMEGA
 
 I=  5/2+ (1)  1.350  17: 0.104
                      21:-0.994
 
 I=  5/2+ (2)  2.086  20:-0.796
                      22:-0.564
                      23:-0.221
 
 I=  5/2+ (3)  2.436  14:-0.066
                      17: 0.074
                      18: 0.722
                      24: 0.653
                      25: 0.199
 
 I=  5/2+ (4)  2.542  17: 0.101
                      18: 0.331
                      24:-0.599
                      25: 0.721
 
 I=  5/2+ (5)  2.903  14:-0.077
                      17: 0.052
                      18: 0.586
                      24:-0.458
                      25:-0.661

             ENERGY    K= OMEGA
 
 I=  7/2+ (1)  1.452  16: 0.121
                      19: 0.954
                      21: 0.269
 
 I=  7/2+ (2)  1.684  16: 0.050
                      17:-0.152
                      19: 0.268
                      21:-0.948
                      24:-0.051
 
 I=  7/2+ (3)  2.488  14:-0.079
                      18:-0.831
                      24: 0.475
                      25: 0.276
 
 I=  7/2+ (4)  2.575  20:-0.320
                      22: 0.721
                      23:-0.577
                      26: 0.211
 
 I=  7/2+ (5)  3.027  14:-0.053
                      16: 0.072
                      17: 0.076
                      18:-0.526
                      24:-0.825
                      25:-0.168

             ENERGY    K= OMEGA
 
 I=  9/2+ (1)  1.647  20:-0.741
                      22:-0.579
                      23:-0.319
                      26:-0.114
 
 I=  9/2+ (2)  1.833  16: 0.172
                      17:-0.080
                      19:-0.917
                      21: 0.351
 
 I=  9/2+ (3)  2.106  16:-0.082
                      17:-0.196
                      19: 0.351
                      21: 0.907
                      24:-0.069
 
 I=  9/2+ (4)  3.129  14:-0.129
                      17: 0.141
                      18: 0.740
                      21: 0.116
                      24: 0.546
                      25: 0.321
 
 I=  9/2+ (5)  3.241  16: 0.066
                      17:-0.140
                      18:-0.138
                      24: 0.657
                      25:-0.724

             ENERGY    K= OMEGA
 
 I= 11/2+ (1)  2.305  16: 0.213
                      17: 0.109
                      19: 0.886
                      21: 0.395
 
 I= 11/2+ (2)  2.512  20: 0.271
                      22:-0.645
                      23: 0.618
                      26:-0.340
                      28: 0.107
 
 I= 11/2+ (3)  2.625  16: 0.110
                      17:-0.227
                      19: 0.394
                      21:-0.878
                      24:-0.085
 
 I= 11/2+ (4)  3.257  14:-0.114
                      18:-0.814
                      21:-0.059
                      24: 0.473
                      25: 0.307
 
 I= 11/2+ (5)  4.077  14:-0.069
                      16: 0.107
                      17: 0.122
                      18:-0.544
                      24:-0.788
                      25:-0.222

             ENERGY    K= OMEGA
 
 I= 13/2+ (1)  1.621  20:-0.715
                      22:-0.579
                      23:-0.355
                      26:-0.157
 
 I= 13/2+ (2)  2.865  16: 0.244
                      17:-0.146
                      19:-0.853
                      21: 0.433
 
 I= 13/2+ (3)  3.222  14:-0.076
                      16: 0.138
                      17: 0.271
                      18: 0.095
                      19:-0.437
                      21:-0.830
                      24: 0.104
 
 I= 13/2+ (4)  3.723  20: 0.492
                      22:-0.069
                      23:-0.587
                      26:-0.579
                      28:-0.272
 
 I= 13/2+ (5)  4.199  14:-0.194
                      17: 0.199
                      18: 0.729
                      21: 0.219
                      24: 0.372
                      25: 0.452

             ENERGY     K= 9/2
  35 LEVELS    TIME=  0.0 SEC



 ******************* EXCITATION ENERGIES, DOMINANT CONFIGURATION AND EXPECTATION VALUES (WITH S.P. UU+VV FACTORS) *******************

  NR  Eex(keV)  I   Kdom  NY    <Jz>  <Jx**2> <Jy**2> <Jz**2> <I.j>/|I|  <Rx**2> <Ry**2> <Rz**2> <R.j>/|R|  <HROTx> <HROTy> <HROTz>

   1    0.0   5/2+   5/2  21    2.45    1.63    1.63    6.20    2.26       2.40    2.40    0.00   -1.26      0.120   0.120   0.000
   2  102.5   7/2+  -7/2  19   -2.97    1.88    1.88   11.71    3.24       2.73    2.73   -0.00   -1.11      0.137   0.137  -0.000
   3  271.2  13/2+   1/2  20   -0.01   21.41   21.41    2.02    6.17       3.75    3.75    0.00   -0.66      0.188   0.188   0.000
   4  296.7   9/2+   1/2  20   -0.02   21.52   21.52    1.70    6.09       4.42    4.42    0.00   -4.85      0.221   0.221   0.000
   5  333.6   7/2+   5/2  21    1.96    1.65    1.65    6.58    1.87       5.41    5.41    0.00   -0.75      0.271   0.271   0.000
  
   6  483.1   9/2+  -7/2  19   -2.57    1.95    1.95   11.27    2.76       6.21    6.21   -0.00   -0.40      0.311   0.311  -0.000
   7  736.2   5/2+   1/2  20   -0.04   21.67   21.67    1.18    5.83       9.39    9.39   -0.00   -6.29      0.471   0.471  -0.000
   8  756.3   9/2+   5/2  21    1.58    1.70    1.70    6.79    1.67       9.18    9.18    0.00   -0.45      0.460   0.460   0.000
   9  760.4   3/2+   1/2  18    0.12    2.98    2.98    0.63    1.32       2.62    2.62   -0.00   -1.77      0.131   0.131  -0.000
  10  792.5   1/2+   1/2  18    0.50    3.14    3.14    0.25    0.20       3.47    3.47    0.00   -2.41      0.174   0.174   0.000
  
  11  954.6  11/2+  -7/2  19   -2.26    2.02    2.02   10.92    2.47      10.56   10.56   -0.00   -0.04      0.529   0.529  -0.000
  12 1010.1   1/2+   1/2  25    0.50    1.48    1.48    0.25    0.19       1.81    1.81    0.00   -1.60      0.091   0.091   0.000
  13 1016.6   3/2+  -3/2  24   -1.06    1.71    1.71    1.81    0.67       3.18    3.18   -0.00   -1.55      0.159   0.159  -0.000
  14 1086.5   5/2+   1/2  18   -0.36    2.42    2.42    1.13    0.84       4.88    4.88   -0.00   -1.11      0.244   0.244  -0.000
  15 1137.6   7/2+   1/2  18    0.05    2.86    2.86    0.71    1.30       5.95    5.95   -0.00   -0.37      0.298   0.298  -0.000
  
  16 1162.0  11/2+  -3/2  22    0.01   20.41   20.41    5.00    5.30       9.08    9.08    0.00   -3.31      0.455   0.455   0.000
  17 1192.5   5/2+   1/2  25   -0.24    1.46    1.46    0.99    0.78       4.01    4.01   -0.00   -0.56      0.201   0.201  -0.000
  18 1223.0   3/2+   1/2  25    0.43    1.21    1.21    0.32   -0.20       3.63    3.63   -0.00   -1.16      0.182   0.182  -0.000
  19 1224.9   7/2+  -3/2  22   -0.05   20.84   20.84    3.82    4.81      11.56   11.56    0.00   -5.50      0.579   0.579   0.000
  20 1275.1  11/2+   5/2  21    1.33    1.74    1.74    6.93    1.52      14.00   14.00    0.00   -0.25      0.702   0.702   0.000
  
  21 1515.4  13/2+  -7/2  19   -1.96    2.10    2.10   10.53    2.30      15.71   15.71   -0.00    0.23      0.787   0.787  -0.000
  22 1552.7   5/2+   1/2  25    0.08    2.10    2.10    0.68   -0.55       8.44    8.44   -0.00   -1.58      0.423   0.423  -0.000
  23 1632.8   1/2+   1/2  20    0.50   21.84   21.84    0.25    4.06      18.83   18.83    0.00   -6.59      0.943   0.943   0.000
  24 1677.6   7/2+  -3/2  24   -0.86    1.86    1.86    1.66    0.17       9.88    9.88   -0.00   -1.06      0.495   0.495  -0.000
  25 1734.6   3/2+  -3/2  22   -1.05   21.51   21.51    1.80    2.56      19.33   19.33   -0.00   -6.41      0.968   0.968  -0.000
  
  26 1779.1   9/2+   1/2  18   -0.11    2.59    2.59    0.97    0.79      11.52   11.52   -0.00   -0.46      0.577   0.577  -0.000
  27 1871.8  13/2+   5/2  21    0.99    1.85    1.85    6.96    1.51      19.16   19.16    0.00   -0.02      0.960   0.960   0.000
  28 1891.2   9/2+   1/2  25   -0.40    1.36    1.36    1.19    0.76      10.55   10.55   -0.00   -0.03      0.529   0.529  -0.000
  29 1901.9   3/2+  -3/2  17   -1.47    4.23    4.23    2.22    1.36       4.57    4.57    0.00   -2.66      0.229   0.229   0.000
  30 1907.0  11/2+   1/2  18    0.05    2.85    2.85    0.74    1.30      13.34   13.34   -0.00    0.25      0.669   0.669  -0.000
  
  31 2372.7  13/2+   5/2  23    0.13   19.25   19.25    7.83    4.54      15.84   15.84    0.00   -2.60      0.794   0.794   0.000
  32 2727.3  11/2+  -3/2  24   -0.76    1.93    1.93    1.62    0.06      20.25   20.25   -0.00   -0.80      1.015   1.015  -0.000
  33 2849.5  13/2+   1/2  18    0.24    2.74    2.74    0.90    0.84      21.70   21.70   -0.00   -0.08      1.087   1.087  -0.000
  34 4079.0   1/2+   1/2  14    0.50    5.56    5.56    0.25    0.75       5.41    5.41    0.00   -3.26      0.271   0.271   0.000
  35 4633.6   1/2+   1/2  27    0.50   14.38   14.38    0.25   -2.45      17.00   17.00    0.00   -5.34      0.852   0.852   0.000
  
