1SPECTRUM OF (Z= 79 A=197) IN PARTICLE-ROTOR  MODEL WITH MODIFIED OSCILLATOR POTENTIAL


 PARITY=+   EPS= 0.392   GAMMA= 26.7   EPS4=0.000   EPS6=0.000   LEVELS:  14  15  16  17  18  19  20  21  22  23  24  25  26  27  28

 PAIRING FACTORS: GN0= 19.20  GN1=  7.40  IPAIR= 15 ***  E2PLUS(INPUT)=   0.170  E2PLUR(INPUT)=   0.000

 CORIOLIS ATTENUATION PARAMETERS:  CHSI=1.000  ETA=  1.00

 MOMENT OF INERTIA PARAMETERS:   A1=  0.048 MEV   A2=  0.015 MEV   A3=  0.07214 MEV


 DELTA=0.997 MEV  LAMBDA=40.3970 MEV   HW0= 6.6995 MEV   LAMBDA/HW0= 6.0299

 E2ENERGY=0.170 MEV  HBAR**2/B= 4043./A**(7/3)= 694.8/A**2 MEV

 IREC=0  =>  RECOIL TERMS j+j-, j+j+, jzjz, ETC TREATED AS ONE-BODY OPERATORS WITH UU+VV PAIRING FACTORS



 S. P. LEVEL   EQP       U     V        (UU + VV)**1.00

     14       4.160    0.121 0.993      1.000 1.000 1.000 0.996 0.974 0.955 0.806 0.743 0.636 0.405 0.339 0.294 0.258 0.233 0.227
     15       3.877    0.130 0.992      1.000 1.000 1.000 0.997 0.976 0.958 0.812 0.749 0.643 0.414 0.348 0.302 0.267 0.242 0.236
     16       3.527    0.143 0.990      1.000 1.000 1.000 0.998 0.979 0.962 0.819 0.758 0.653 0.426 0.360 0.315 0.279 0.255 0.249
     17       2.417    0.211 0.977      0.996 0.997 0.998 1.000 0.991 0.978 0.857 0.801 0.704 0.487 0.424 0.380 0.345 0.321 0.315
     18       1.548    0.343 0.939      0.974 0.976 0.979 0.991 1.000 0.997 0.919 0.875 0.794 0.602 0.544 0.503 0.470 0.448 0.442
     19       1.337    0.408 0.913      0.955 0.958 0.962 0.978 0.997 1.000 0.945 0.907 0.835 0.657 0.602 0.563 0.532 0.510 0.504
     20       0.999    0.685 0.729      0.806 0.812 0.819 0.857 0.919 0.945 1.000 0.995 0.969 0.868 0.830 0.802 0.779 0.763 0.759
     21       1.006    0.754 0.657      0.743 0.749 0.758 0.801 0.875 0.907 0.995 1.000 0.989 0.913 0.882 0.858 0.838 0.824 0.821
     22       1.099    0.843 0.538      0.636 0.643 0.653 0.704 0.794 0.835 0.969 0.989 1.000 0.963 0.942 0.925 0.910 0.899 0.896
     23       1.784    0.956 0.292      0.405 0.414 0.426 0.487 0.602 0.657 0.868 0.913 0.963 1.000 0.997 0.993 0.988 0.983 0.982
     24       2.292    0.975 0.223      0.339 0.348 0.360 0.424 0.544 0.602 0.830 0.882 0.942 0.997 1.000 0.999 0.996 0.994 0.993
     25       2.871    0.984 0.176      0.294 0.302 0.315 0.380 0.503 0.563 0.802 0.858 0.925 0.993 0.999 1.000 0.999 0.998 0.998
     26       3.610    0.990 0.139      0.258 0.267 0.279 0.345 0.470 0.532 0.779 0.838 0.910 0.988 0.996 0.999 1.000 1.000 0.999
     27       4.402    0.993 0.114      0.233 0.242 0.255 0.321 0.448 0.510 0.763 0.824 0.899 0.983 0.994 0.998 1.000 1.000 1.000
     28       4.650    0.994 0.108      0.227 0.236 0.249 0.315 0.442 0.504 0.759 0.821 0.896 0.982 0.993 0.998 0.999 1.000 1.000

  R CORE   ENERGY   A0R/A00=1.000    R3= 0     2  
   2( 1)    0.170                    0.952-0.306
   2( 2)    0.370                    0.306 0.952

  R CORE   ENERGY   A0R/A00=1.000    R3= 0     2  
   3( 1)    0.540                    0.000 1.000

  R CORE   ENERGY   A0R/A00=1.000    R3= 0     2     4  
   4( 1)    0.467                    0.811-0.582 0.064

  R CORE   ENERGY   A0R/A00=1.000    R3= 0     2     4  
   5( 1)    1.050                    0.000 0.952-0.306

  R CORE   ENERGY   A0R/A00=1.000    R3= 0     2     4     6  
   6( 1)    0.877                    0.729-0.663 0.169-0.012

  R CORE   ENERGY   A0R/A00=1.000    R3= 0     2     4     6  
   7( 1)    1.694                    0.000 0.860-0.503 0.085
 

             ENERGY     K= 1/2
 
 I=  1/2+ (1)  1.325  20: 0.193
                      21:-0.978
                      24:-0.056
 
 I=  1/2+ (2)  1.506  14: 0.058
                      19:-0.488
                      20:-0.854
                      21:-0.161
 
 I=  1/2+ (3)  2.222  19:-0.817
                      20: 0.452
                      21: 0.083
                      24: 0.345
 
 I=  1/2+ (4)  2.481  18: 0.249
                      22: 0.679
                      23:-0.667
                      25:-0.171
 
 I=  1/2+ (5)  2.871  19:-0.300
                      20: 0.151
                      21: 0.088
                      24:-0.933
                      28: 0.084

             ENERGY     K= 1/2  -3/2
 
 I=  3/2+ (1)  1.312  20: 0.257-0.011
                      21:-0.955-0.122
                      24: 0.036 0.054
 
 I=  3/2+ (2)  1.515  17: 0.017 0.134
                      20: 0.022 0.288
                      21: 0.124-0.937
                      24: 0.050-0.032
 
 I=  3/2+ (3)  1.581  19:-0.390-0.393
                      20:-0.683 0.413
                      21:-0.200 0.088
 
 I=  3/2+ (4)  1.640  17:-0.075-0.024
                      19:-0.313 0.597
                      20:-0.473-0.510
                      21:-0.085-0.211
 
 I=  3/2+ (5)  2.029  14:-0.001 0.072
                      19:-0.056-0.662
                      20:-0.017-0.626
                      21: 0.045-0.180
                      24: 0.012 0.352

             ENERGY     K= 5/2   1/2  -3/2
 
 I=  5/2+ (1)  1.445  17:-0.009 0.006-0.098
                      19: 0.391-0.065-0.003
                      20: 0.652-0.023-0.060
                      21: 0.163-0.414 0.418
                      24: 0.167-0.014-0.040
 
 I=  5/2+ (2)  1.511  19: 0.296-0.044-0.001
                      20: 0.445-0.220 0.108
                      21: 0.219 0.586-0.497
                      24: 0.079 0.023 0.044
 
 I=  5/2+ (3)  1.615  17: 0.152-0.006 0.035
                      20:-0.238 0.044 0.046
                      21: 0.838-0.358-0.278
                      24: 0.004-0.067 0.026
 
 I=  5/2+ (4)  1.710  17:-0.001 0.102 0.071
                      19:-0.062-0.455 0.364
                      20:-0.084-0.729-0.166
                      21:-0.110-0.220-0.092
 
 I=  5/2+ (5)  1.754  16: 0.025 0.053 0.005
                      17: 0.071 0.055-0.079
                      19: 0.012 0.097 0.566
                      20:-0.011 0.254-0.684
                      21: 0.158 0.262 0.117
                      24: 0.031 0.043 0.095

             ENERGY     K= 5/2   1/2  -3/2  -7/2
 
 I=  7/2+ (1)  1.499  17:-0.087 0.016 0.024 0.001
                      19: 0.102-0.021-0.090 0.664
                      20: 0.225-0.136 0.125-0.545
                      21:-0.161 0.258-0.077-0.146
                      24: 0.044-0.017-0.025 0.155
 
 I=  7/2+ (2)  1.561  19: 0.054-0.014-0.028 0.270
                      20: 0.014 0.223-0.046-0.209
                      21: 0.301-0.844 0.090-0.030
                      24: 0.015 0.057 0.072 0.030
 
 I=  7/2+ (3)  1.643  17:-0.008 0.032-0.094-0.049
                      19:-0.445 0.133-0.043 0.189
                      20:-0.737 0.203-0.040-0.162
                      21:-0.172 0.072 0.224-0.010
                      24:-0.178-0.006-0.016 0.039
 
 I=  7/2+ (4)  1.773  17: 0.112-0.009-0.093 0.009
                      19: 0.081-0.090-0.094 0.052
                      20:-0.026-0.315 0.029-0.013
                      21: 0.569 0.209 0.679-0.022
                      24:-0.012-0.105-0.089-0.036
 
 I=  7/2+ (5)  1.795  22:-0.186-0.706-0.601-0.058
                      23:-0.239-0.121 0.145 0.021
                      25: 0.000 0.056-0.017-0.051

             ENERGY     K= 9/2   5/2   1/2  -3/2  -7/2
 
 I=  9/2+ (1)  1.714  17:-0.034-0.092 0.048-0.076-0.003
                      19:-0.052 0.206-0.105 0.165-0.585
                      20:-0.082 0.379-0.093-0.152 0.479
                      21:-0.039-0.034-0.199 0.247 0.096
                      24:-0.032 0.099 0.003-0.027-0.128
 
 I=  9/2+ (2)  1.743  17: 0.025 0.052-0.003-0.088 0.024
                      19:-0.122 0.154-0.052-0.086 0.353
                      20:-0.207 0.234-0.011 0.022-0.274
                      21:-0.042 0.224-0.521 0.498-0.184
                      24:-0.075 0.101-0.018-0.066 0.097
 
 I=  9/2+ (3)  1.747  18: 0.013 0.159 0.467 0.305 0.057
                      22: 0.029 0.306 0.309-0.556-0.166
                      23: 0.045 0.276-0.185 0.077 0.050
                      25: 0.001-0.006-0.025 0.061-0.089
 
 I=  9/2+ (4)  1.858  19:-0.245 0.279-0.126-0.012 0.116
                      20:-0.395 0.440-0.331 0.172-0.123
                      21:-0.113 0.093 0.361-0.383 0.043
                      24:-0.130 0.055 0.006 0.023 0.031
 
 I=  9/2+ (5)  1.959  16:-0.024-0.024 0.034-0.004-0.062
                      17:-0.015 0.043-0.024 0.003 0.135
                      19:-0.359-0.182 0.156 0.022-0.145
                      20:-0.582-0.364 0.307-0.139 0.158
                      21:-0.196 0.178-0.012-0.070-0.151
                      24:-0.215-0.061-0.023 0.055 0.001

             ENERGY     K= 9/2   5/2   1/2  -3/2  -7/2 -11/2
 
 I= 11/2+ (1)  1.772  22:-0.008-0.205-0.690-0.582-0.072 0.000
                      23:-0.015-0.276-0.166 0.122 0.027-0.000
                      25:-0.001-0.004 0.025-0.079-0.097-0.001
 
 I= 11/2+ (2)  1.842  15: 0.002-0.013 0.044-0.051 0.014-0.003
                      17: 0.027-0.100 0.028 0.030 0.001 0.000
                      19:-0.046 0.096-0.027-0.117 0.369-0.345
                      20:-0.095 0.261-0.240 0.209-0.326 0.278
                      21: 0.052-0.291 0.421-0.176-0.069 0.074
                      24:-0.027 0.059-0.034-0.045 0.118-0.103
 
 I= 11/2+ (3)  1.930  19: 0.055-0.054 0.015 0.072-0.239 0.438
                      20: 0.083 0.008-0.115 0.013 0.169-0.348
                      21: 0.054-0.361 0.590-0.226 0.032-0.085
                      24: 0.032 0.003-0.033-0.042 0.001 0.118
 
 I= 11/2+ (4)  2.013  18:-0.091-0.393-0.153 0.375 0.235 0.020
                      22:-0.173-0.407 0.257-0.067-0.488-0.051
                      23:-0.241-0.084 0.085-0.102 0.121 0.019
                      25:-0.004 0.027-0.042 0.035-0.066-0.064
 
 I= 11/2+ (5)  2.019  17:-0.041 0.027-0.051 0.080-0.006-0.026
                      19:-0.222 0.346-0.169 0.008-0.002 0.276
                      20:-0.349 0.542-0.268 0.099-0.004-0.227
                      21:-0.147 0.240-0.174-0.065 0.043-0.045
                      24:-0.124 0.131-0.010 0.012-0.021 0.082

             ENERGY     K=13/2   9/2   5/2   1/2  -3/2  -7/2 -11/2
 
 I= 13/2+ (1)  1.703  18:-0.000 0.017 0.194 0.529 0.362 0.071 0.001
                      22:-0.001 0.036 0.301 0.257-0.491-0.173-0.004
                      23:-0.001 0.058 0.271-0.138 0.048 0.050 0.002
                      25:-0.000 0.002-0.001-0.007 0.029-0.120-0.012
 
 I= 13/2+ (2)  2.109  17:-0.022-0.037 0.085-0.071 0.081-0.029-0.006
                      19:-0.011 0.120-0.184 0.138-0.197 0.416-0.403
                      20:-0.016 0.214-0.318 0.107 0.139-0.343 0.322
                      21:-0.015 0.000-0.025 0.199-0.227 0.008 0.081
                      24:-0.008 0.075-0.088-0.001 0.026 0.075-0.114
 
 I= 13/2+ (3)  2.111  18:-0.006-0.117-0.353-0.150-0.297-0.248-0.035
                      22:-0.011-0.190-0.108 0.310-0.382 0.358 0.085
                      23:-0.019-0.242 0.248-0.283 0.159-0.065-0.030
                      25:-0.001-0.003 0.022-0.058 0.100-0.080 0.098
 
 I= 13/2+ (4)  2.135  15: 0.002-0.003 0.027-0.060 0.039-0.006 0.001
                      17: 0.014 0.017-0.058 0.002 0.083-0.049-0.003
                      19:-0.024 0.101-0.122 0.045 0.092-0.261 0.232
                      20:-0.042 0.162-0.171 0.037-0.048 0.196-0.185
                      21:-0.004 0.087-0.281 0.511-0.489 0.237-0.066
                      24:-0.017 0.073-0.092 0.016 0.071-0.097 0.071
 
 I= 13/2+ (5)  2.301  18: 0.008 0.099-0.004-0.564-0.311 0.120 0.040
                      22: 0.014 0.205 0.321 0.095-0.196-0.431-0.096
                      23: 0.023 0.284 0.170-0.123-0.027 0.115 0.034
                      25: 0.001 0.004-0.015 0.008 0.029-0.125-0.110

             ENERGY     K=13/2   9/2   5/2   1/2  -3/2  -7/2 -11/2
  35 LEVELS    TIME=  0.0 SEC



 ******************* EXCITATION ENERGIES, DOMINANT CONFIGURATION AND EXPECTATION VALUES (WITH S.P. UU+VV FACTORS) *******************

  NR  Eex(keV)  I   Kdom  NY    <Jz>  <Jx**2> <Jy**2> <Jz**2> <I.j>/|I|  <Rx**2> <Ry**2> <Rz**2> <R.j>/|R|  <HROTx> <HROTy> <HROTz>

   1    0.0   3/2+   1/2  21    0.28    1.60    6.51    1.47    0.70       1.66    7.51    1.43   -2.52      0.080   0.110   0.103
   2   12.8   1/2+   1/2  21    0.31    1.42    6.64    1.46   -0.18       2.22    6.96    1.40   -2.97      0.107   0.102   0.101
   3  133.1   5/2+   5/2  20    1.31    1.63    3.23    4.60    1.48       1.65    5.35    2.43   -1.65      0.080   0.078   0.175
   4  186.9   7/2+   7/2  19   -2.29    1.89    2.28    9.22    2.61       2.18    4.67    1.60   -1.05      0.105   0.068   0.115
   5  193.2   1/2+   1/2  20    1.54    1.81    1.15    5.39    1.02       1.93    1.30    4.10   -2.76      0.093   0.019   0.295
  
   6  198.6   5/2+   1/2  21    0.78    1.62    4.76    2.92    0.58       2.79    9.30    2.55   -1.99      0.135   0.136   0.184
   7  202.5   3/2+   3/2  21    0.01    1.45    6.69    1.51    0.04       2.09    7.49    3.68   -2.63      0.101   0.109   0.266
   8  248.5   7/2+   1/2  21   -0.07    1.63    5.82    2.54    0.92       3.69   12.97    1.82   -1.48      0.178   0.189   0.131
   9  269.0   3/2+   1/2  20    0.10    1.82    1.35    7.09    1.24       2.44    2.60    4.19   -2.59      0.118   0.038   0.302
  10  302.5   5/2+   5/2  21    0.50    1.57    6.57    1.69    0.54       2.41    8.47    4.48   -2.10      0.116   0.124   0.323
  
  11  327.6   3/2+   3/2  19   -1.38    1.83    1.42    8.52    1.52       3.02    2.70    3.91   -2.84      0.146   0.039   0.282
  12  330.8   7/2+   5/2  20    1.46    1.73    1.73    6.11    1.40       4.13    7.59    2.45   -1.06      0.200   0.111   0.177
  13  391.1  13/2+   1/2  18   -0.04   28.74   13.53    2.88    5.93       1.98    7.85    1.27   -1.12      0.095   0.115   0.091
  14  397.4   5/2+   1/2  20    0.80    1.97    1.21    5.91    0.92       4.54    4.01    3.83   -1.81      0.219   0.059   0.276
  15  401.7   9/2+   7/2  19   -1.47    1.91    2.19    8.34    2.11       4.46    9.88    1.88   -0.49      0.216   0.144   0.136
  
  16  430.3   9/2+   1/2  21   -0.30    1.59    4.37    5.08    1.25       3.09   17.50    2.77   -1.00      0.149   0.256   0.200
  17  434.6   9/2+   3/2  22   -0.09   25.58   16.31    2.73    5.71       3.94    7.42    1.25   -4.57      0.190   0.108   0.090
  18  441.5   5/2+   3/2  20   -1.86    1.65    2.48    8.75    1.19       4.25    6.22    4.12   -2.45      0.206   0.091   0.297
  19  459.2  11/2+   1/2  22   -0.08   23.06   17.64    4.21    5.08       2.37   14.31    3.24   -3.26      0.115   0.209   0.234
  20  460.2   7/2+   3/2  21    0.25    1.74    5.69    2.54    0.82       5.30    9.82    4.11   -1.53      0.256   0.144   0.296
  
  21  483.1   7/2+   1/2  22   -0.18   21.65   19.25    3.55    4.77       3.51   15.82    3.01   -5.40      0.170   0.231   0.217
  22  529.5  11/2+   1/2  21   -1.26    1.77    3.73    6.86    1.87       2.78   19.61    3.37   -0.23      0.134   0.287   0.243
  23  545.3   9/2+   5/2  20    1.17    1.78    3.13    4.49    0.76       3.87   18.68    4.03   -1.09      0.187   0.273   0.291
  24  617.7  11/2+   1/2  21   -1.10    1.72    4.21    5.38    1.53       4.05   20.78    3.97   -0.41      0.196   0.304   0.287
  25  646.8   9/2+   9/2  20    1.49    1.76    2.10    6.01    1.63       4.73    7.84    5.82   -0.41      0.228   0.115   0.420
  
  26  701.2  11/2+   7/2  22   -0.04   28.48   13.61    3.21    5.22       3.71   10.49    4.43   -3.27      0.179   0.153   0.319
  27  706.5  11/2+   5/2  20    1.17    1.63    1.73    6.64    1.33       4.62   20.85    4.31   -0.37      0.223   0.305   0.311
  28  716.4   3/2+   3/2  19    0.55    1.92    0.80    3.72   -0.39       2.56    1.52    7.64   -2.11      0.124   0.022   0.551
  29  797.0  13/2+   7/2  19   -1.41    1.88    2.15    8.30    1.94       4.70   25.52    3.77    0.21      0.227   0.373   0.272
  30  798.7  13/2+   3/2  22   -0.08   21.26   20.14    2.30    5.44       4.32    7.46    4.68   -1.41      0.209   0.109   0.338
  
  31  822.9  13/2+   1/2  21   -0.43    1.53    4.59    5.13    1.20       3.96   35.69    3.65   -0.44      0.191   0.522   0.263
  32  910.1   1/2+   1/2  19   -2.07    1.93    1.12    7.57   -1.21       2.17    1.41    9.89   -3.18      0.105   0.021   0.713
  33  988.5  13/2+   1/2  18    0.01   30.70   11.24    3.86    4.44       2.84   24.85    4.85   -2.59      0.137   0.363   0.350
  34 1168.3   1/2+   1/2  22   -0.07    9.94   29.94    1.51    2.93      10.16   25.06    1.83   -6.38      0.491   0.366   0.132
  35 1558.3   1/2+   1/2  24   -0.86    1.25    1.98    6.76   -0.57       1.85    2.01    7.87   -3.06      0.089   0.029   0.567
  
