1SPECTRUM OF (Z= 79 A=197) IN PARTICLE-ROTOR  MODEL WITH MODIFIED OSCILLATOR POTENTIAL


 PARITY=+   EPS= 0.420   GAMMA=  0.0   EPS4=0.000   EPS6=0.000   LEVELS:  14  15  16  17  18  19  20  21  22  23  24  25  26  27  28

 PAIRING FACTORS: GN0= 19.20  GN1=  7.40  IPAIR= 15 ***  E2PLUS(INPUT)=   0.300  E2PLUR(INPUT)=   0.000

 CORIOLIS ATTENUATION PARAMETERS:  CHSI=1.000  ETA=  1.00

 MOMENT OF INERTIA PARAMETERS:   A1=  0.050 MEV   A2=  0.050 MEV   A3= 50.10379 MEV


 DELTA=0.907 MEV  LAMBDA=40.4403 MEV   HW0= 6.7287 MEV   LAMBDA/HW0= 6.0101

 E2ENERGY=0.300 MEV  HBAR**2/B=11975./A**(7/3)=2058.0/A**2 MEV

 IREC=0  =>  RECOIL TERMS j+j-, j+j+, jzjz, ETC TREATED AS ONE-BODY OPERATORS WITH UU+VV PAIRING FACTORS



 S. P. LEVEL   EQP       U     V        (UU + VV)**1.00

     14       5.064    0.090 0.996      1.000 0.998 0.995 0.993 0.978 0.958 0.911 0.488 0.485 0.410 0.255 0.249 0.234 0.230 0.195
     15       2.980    0.154 0.988      0.998 1.000 0.999 0.999 0.990 0.974 0.936 0.543 0.540 0.468 0.317 0.311 0.297 0.292 0.258
     16       2.416    0.191 0.982      0.995 0.999 1.000 1.000 0.994 0.982 0.948 0.574 0.572 0.501 0.352 0.347 0.333 0.328 0.294
     17       2.253    0.206 0.979      0.993 0.999 1.000 1.000 0.996 0.985 0.953 0.586 0.584 0.514 0.366 0.361 0.346 0.342 0.309
     18       1.614    0.294 0.956      0.978 0.990 0.994 0.996 1.000 0.997 0.977 0.658 0.655 0.590 0.449 0.444 0.430 0.426 0.394
     19       1.312    0.373 0.928      0.958 0.974 0.982 0.985 0.997 1.000 0.991 0.718 0.716 0.655 0.522 0.518 0.504 0.500 0.469
     20       1.058    0.493 0.870      0.911 0.936 0.948 0.953 0.977 0.991 1.000 0.804 0.803 0.750 0.631 0.627 0.615 0.611 0.583
     21       1.220    0.913 0.407      0.488 0.543 0.574 0.586 0.658 0.718 0.804 1.000 1.000 0.996 0.968 0.967 0.963 0.962 0.951
     22       1.226    0.915 0.404      0.485 0.540 0.572 0.584 0.655 0.716 0.803 1.000 1.000 0.996 0.969 0.968 0.964 0.963 0.952
     23       1.471    0.945 0.326      0.410 0.468 0.501 0.514 0.590 0.655 0.750 0.996 0.996 1.000 0.986 0.986 0.983 0.982 0.975
     24       2.759    0.986 0.167      0.255 0.317 0.352 0.366 0.449 0.522 0.631 0.968 0.969 0.986 1.000 1.000 1.000 1.000 0.998
     25       2.848    0.987 0.161      0.249 0.311 0.347 0.361 0.444 0.518 0.627 0.967 0.968 0.986 1.000 1.000 1.000 1.000 0.998
     26       3.139    0.989 0.146      0.234 0.297 0.333 0.346 0.430 0.504 0.615 0.963 0.964 0.983 1.000 1.000 1.000 1.000 0.999
     27       3.244    0.990 0.141      0.230 0.292 0.328 0.342 0.426 0.500 0.611 0.962 0.963 0.982 1.000 1.000 1.000 1.000 0.999
     28       4.292    0.994 0.106      0.195 0.258 0.294 0.309 0.394 0.469 0.583 0.951 0.952 0.975 0.998 0.998 0.999 0.999 1.000

  R CORE   ENERGY   A0R/A00=1.000    R3= 0     2  
   2( 1)    0.301                    1.000 0.000
   2( 2)  200.515                    0.000 1.000

  R CORE   ENERGY   A0R/A00=1.000    R3= 0     2  
   3( 1)  200.816                    0.000 1.000

  R CORE   ENERGY   A0R/A00=1.000    R3= 0     2     4  
   4( 1)    1.002                    1.000 0.000 0.000

  R CORE   ENERGY   A0R/A00=1.000    R3= 0     2     4  
   5( 1)  201.718                    0.000 1.000 0.000

  R CORE   ENERGY   A0R/A00=1.000    R3= 0     2     4     6  
   6( 1)    2.104                    1.000 0.000 0.000 0.000

  R CORE   ENERGY   A0R/A00=1.000    R3= 0     2     4     6  
   7( 1)  203.021                    0.000 1.000 0.000 0.000

          AXIAL SYMMETRY => K RESTRICTED TO OMEGA

                     K
     S.P. ORB#: 14  0.50
     S.P. ORB#: 15  4.50
     S.P. ORB#: 16  2.50
     S.P. ORB#: 17 -1.50
     S.P. ORB#: 18  0.50
     S.P. ORB#: 19  0.50
     S.P. ORB#: 20 -1.50
     S.P. ORB#: 21  2.50
     S.P. ORB#: 22 -3.50
     S.P. ORB#: 23  2.50
     S.P. ORB#: 24 -3.50
     S.P. ORB#: 25  0.50
     S.P. ORB#: 26 -1.50
     S.P. ORB#: 27  0.50
     S.P. ORB#: 28 -1.50
 

             ENERGY    K= OMEGA
 
 I=  1/2+ (1)  1.750  19: 0.999
 
 I=  1/2+ (2)  3.355  18: 0.996
                      25:-0.091
 
 I=  1/2+ (3)  3.380  27:-0.999
 
 I=  1/2+ (4)  4.351  18: 0.091
                      25: 0.996
 
 I=  1/2+ (5)  5.634  14: 1.000

             ENERGY    K= OMEGA
 
 I=  3/2+ (1)  1.768  14: 0.052
                      19: 0.996
                      26:-0.055
 
 I=  3/2+ (2)  2.752  14:-0.079
                      17:-0.995
 
 I=  3/2+ (3)  2.976  18:-0.345
                      20: 0.934
                      25: 0.069
                      28: 0.052
 
 I=  3/2+ (4)  3.349  19:-0.063
                      26:-0.981
                      27:-0.184
 
 I=  3/2+ (5)  3.614  26:-0.187
                      27: 0.981

             ENERGY    K= OMEGA
 
 I=  5/2+ (1)  1.746  17: 0.112
                      23:-0.992
 
 I=  5/2+ (2)  2.169  14:-0.087
                      17: 0.134
                      19: 0.978
                      23: 0.056
                      26: 0.088
                      27: 0.085
 
 I=  5/2+ (3)  2.259  18: 0.656
                      20: 0.663
                      21: 0.360
 
 I=  5/2+ (4)  2.939  14:-0.089
                      16:-0.627
                      17: 0.756
                      19:-0.117
                      23: 0.073
                      26:-0.082
 
 I=  5/2+ (5)  3.085  14: 0.076
                      16:-0.777
                      17:-0.612
                      19: 0.092
                      23:-0.076

             ENERGY    K= OMEGA
 
 I=  7/2+ (1)  1.557  16: 0.108
                      22: 0.987
                      23: 0.114
 
 I=  7/2+ (2)  2.080  17: 0.170
                      19:-0.110
                      22:-0.113
                      23: 0.971
                      26: 0.052
 
 I=  7/2+ (3)  2.236  14:-0.093
                      19:-0.979
                      23:-0.119
                      26: 0.110
                      27: 0.082
 
 I=  7/2+ (4)  2.479  18: 0.252
                      20:-0.672
                      21: 0.655
                      24:-0.232
 
 I=  7/2+ (5)  3.235  14:-0.131
                      16:-0.556
                      17:-0.800
                      22: 0.062
                      23: 0.131
                      26: 0.084
                      27: 0.075

             ENERGY    K= OMEGA
 
 I=  9/2+ (1)  1.888  18:-0.656
                      20:-0.621
                      21:-0.402
                      24:-0.146
 
 I=  9/2+ (2)  1.971  16:-0.159
                      22: 0.972
                      23:-0.167
 
 I=  9/2+ (3)  2.502  14:-0.057
                      17: 0.242
                      19: 0.139
                      22:-0.169
                      23:-0.940
                      26: 0.068
 
 I=  9/2+ (4)  2.923  14:-0.161
                      17: 0.226
                      19: 0.919
                      23: 0.213
                      26: 0.120
                      27: 0.132
 
 I=  9/2+ (5)  3.327  18: 0.538
                      21:-0.706
                      24:-0.461

             ENERGY    K= OMEGA
 
 I= 11/2+ (1)  2.478  16: 0.200
                      17: 0.061
                      22: 0.955
                      23: 0.209
 
 I= 11/2+ (2)  2.563  18: 0.241
                      20:-0.626
                      21: 0.666
                      24:-0.326
 
 I= 11/2+ (3)  3.018  17:-0.243
                      19: 0.481
                      22: 0.187
                      23:-0.808
                      26:-0.133
 
 I= 11/2+ (4)  3.091  14:-0.136
                      17:-0.111
                      19:-0.844
                      22: 0.102
                      23:-0.472
                      26: 0.111
                      27: 0.108
 
 I= 11/2+ (5)  3.983  15: 0.999

             ENERGY    K= OMEGA
 
 I= 13/2+ (1)  1.957  18:-0.667
                      20:-0.604
                      21:-0.400
                      24:-0.170
 
 I= 13/2+ (2)  3.077  16:-0.235
                      17: 0.093
                      22: 0.933
                      23:-0.250
 
 I= 13/2+ (3)  3.608  14:-0.135
                      16: 0.054
                      17: 0.371
                      19: 0.289
                      22:-0.258
                      23:-0.822
                      26: 0.108
                      27: 0.059
 
 I= 13/2+ (4)  3.891  18:-0.534
                      21: 0.673
                      24: 0.512
 
 I= 13/2+ (5)  4.039  14:-0.212
                      16:-0.065
                      17: 0.237
                      19: 0.815
                      23: 0.437
                      26: 0.110
                      27: 0.162

             ENERGY     K=-3/2
  35 LEVELS    TIME=  0.0 SEC



 ******************* EXCITATION ENERGIES, DOMINANT CONFIGURATION AND EXPECTATION VALUES (WITH S.P. UU+VV FACTORS) *******************

  NR  Eex(keV)  I   Kdom  NY    <Jz>  <Jx**2> <Jy**2> <Jz**2> <I.j>/|I|  <Rx**2> <Ry**2> <Rz**2> <R.j>/|R|  <HROTx> <HROTy> <HROTz>

   1    0.0   7/2+  -7/2  22   -3.35    1.88    1.88   12.10    3.19       3.13    3.13    0.00   -1.27      0.157   0.157   0.000
   2  189.1   5/2+   5/2  23    2.44    1.70    1.70    6.19    2.21       2.63    2.63    0.00   -1.33      0.132   0.132   0.000
   3  192.7   1/2+   1/2  19    0.50    3.78    3.78    0.25   -0.07       4.34    4.34    0.00   -2.67      0.217   0.217   0.000
   4  210.5   3/2+   1/2  19    0.49    3.76    3.76    0.26    0.73       4.35    4.35    0.00   -2.16      0.218   0.218   0.000
   5  330.8   9/2+   1/2  18   -0.03   20.18   20.18    2.25    5.71       5.27    5.27    0.00   -4.37      0.264   0.264   0.000
  
   6  400.0  13/2+   1/2  18   -0.03   20.18   20.18    2.29    5.72       5.75    5.75   -0.00   -0.80      0.288   0.288  -0.000
   7  413.5   9/2+  -7/2  22   -3.17    1.93    1.93   11.92    2.66       7.03    7.03    0.00   -0.68      0.352   0.352   0.000
   8  522.5   7/2+   5/2  23    2.27    1.77    1.77    6.13    1.73       5.84    5.84    0.00   -0.82      0.293   0.293   0.000
   9  611.6   5/2+   1/2  19    0.45    3.79    3.79    0.32    0.17       7.82    7.82    0.00   -1.87      0.392   0.392   0.000
  10  678.3   7/2+   1/2  19    0.50    3.70    3.70    0.36    0.82       8.52    8.52    0.00   -1.10      0.427   0.427   0.000
  
  11  702.1   5/2+  -3/2  20   -0.12   20.23   20.23    1.91    5.47       9.39    9.39    0.00   -6.04      0.470   0.470   0.000
  12  920.4  11/2+  -7/2  22   -2.98    1.98    1.98   11.72    2.32      11.84   11.84    0.00   -0.37      0.593   0.593   0.000
  13  922.0   7/2+  -3/2  20    0.24   19.80   19.80    4.38    4.45      12.21   12.21    0.00   -5.33      0.612   0.612   0.000
  14  944.6   9/2+   5/2  23    2.03    1.89    1.89    6.03    1.52       9.72    9.72    0.00   -0.51      0.487   0.487   0.000
  15 1006.1  11/2+   5/2  21    0.18   19.66   19.66    4.97    4.66      12.18   12.18   -0.00   -3.33      0.610   0.610  -0.000
  
  16 1194.3   3/2+  -3/2  17   -1.48    4.42    4.42    2.23    1.36       4.78    4.78    0.00   -2.73      0.240   0.240   0.000
  17 1365.5   9/2+   1/2  19    0.46    3.75    3.75    0.66    0.51      13.94   13.94    0.00   -1.07      0.699   0.699   0.000
  18 1381.8   5/2+  -3/2  17    0.14    4.53    4.53    3.79    1.60       6.07    6.07    0.00   -2.33      0.304   0.304   0.000
  19 1418.3   3/2+  -3/2  20   -1.25   20.17   20.17    2.00    2.45      18.30   18.30    0.00   -6.21      0.917   0.917   0.000
  20 1461.2  11/2+   5/2  23    1.52    2.32    2.32    4.75    1.26      15.07   15.07    0.00   -0.34      0.755   0.755   0.000
  
  21 1519.7  13/2+  -7/2  22   -2.76    2.05    2.05   11.45    2.10      17.52   17.52    0.00   -0.15      0.878   0.878   0.000
  22 1527.5   5/2+   5/2  16    0.97    4.70    4.70    4.66    1.40       7.26    7.26    0.00   -2.60      0.364   0.364   0.000
  23 1533.6  11/2+   1/2  19    0.86    3.25    3.25    1.77    0.98      16.15   16.15    0.00   -0.42      0.809   0.809   0.000
  24 1678.2   7/2+  -3/2  17   -0.16    4.46    4.46    3.55    1.32       8.88    8.88    0.00   -1.72      0.445   0.445   0.000
  25 1769.9   9/2+   5/2  21    0.65   19.27   19.27    5.79    3.60      16.62   16.62    0.00   -4.58      0.833   0.833   0.000
  
  26 1791.8   3/2+  -3/2  26   -1.42    1.40    1.40    2.17    1.15       2.14    2.14    0.00   -1.33      0.107   0.107   0.000
  27 1798.0   1/2+   1/2  18    0.50   20.05   20.05    0.25    3.78      17.27   17.27    0.00   -6.31      0.865   0.865   0.000
  28 1822.3   1/2+   1/2  27    0.50    1.33    1.33    0.25    0.53       1.37    1.37    0.00   -1.48      0.069   0.069   0.000
  29 2050.8  13/2+   5/2  23    1.29    2.33    2.33    5.42    1.41      19.60   19.60    0.00   -0.04      0.982   0.982   0.000
  30 2056.6   3/2+   1/2  27    0.43    1.32    1.32    0.32   -0.20       3.75    3.75    0.00   -1.23      0.188   0.188   0.000
  
  31 2334.0  13/2+   5/2  21    0.35   19.16   19.16    6.12    3.59      21.50   21.50    0.00   -2.95      1.077   1.077   0.000
  32 2426.1  11/2+   9/2  15    4.49    2.25    2.25   20.22    3.38      10.04   10.04    0.00   -1.01      0.503   0.503   0.000
  33 2481.8  13/2+   1/2  19    0.75    3.49    3.49    1.58    0.68      23.94   23.94    0.00   -0.55      1.199   1.199   0.000
  34 2793.9   1/2+   1/2  25    0.50   13.00   13.00    0.25   -1.85      15.10   15.10   -0.00   -5.07      0.757   0.757  -0.000
  35 4076.3   1/2+   1/2  14    0.50    5.85    5.85    0.25    0.74       5.71    5.71    0.00   -3.35      0.286   0.286   0.000
  
