1SPECTRUM OF (Z= 79 A=197) IN PARTICLE-ROTOR  MODEL WITH MODIFIED OSCILLATOR POTENTIAL


 PARITY=+   EPS= 0.388   GAMMA=  0.0   EPS4=0.000   EPS6=0.000   LEVELS:  15  16  17  18  19  20  21  22  23  24  25  26  27  28  29

 PAIRING FACTORS: GN0= 19.20  GN1=  7.40  IPAIR= 15 ***  E2PLUS(INPUT)=   0.300  E2PLUR(INPUT)=   0.000

 CORIOLIS ATTENUATION PARAMETERS:  CHSI=1.000  ETA=  1.00

 MOMENT OF INERTIA PARAMETERS:   A1=  0.050 MEV   A2=  0.050 MEV   A3= 50.10380 MEV


 DELTA=1.008 MEV  LAMBDA=40.4470 MEV   HW0= 6.7054 MEV   LAMBDA/HW0= 6.0320

 E2ENERGY=0.300 MEV  HBAR**2/B=10220./A**(7/3)=1756.4/A**2 MEV

 IREC=0  =>  RECOIL TERMS j+j-, j+j+, jzjz, ETC TREATED AS ONE-BODY OPERATORS WITH UU+VV PAIRING FACTORS



 S. P. LEVEL   EQP       U     V        (UU + VV)**1.00

     15       3.424    0.149 0.989      1.000 0.999 0.998 0.976 0.965 0.868 0.679 0.581 0.523 0.329 0.329 0.322 0.299 0.258 0.256
     16       2.630    0.195 0.981      0.999 1.000 1.000 0.986 0.977 0.890 0.713 0.619 0.563 0.373 0.373 0.367 0.343 0.303 0.301
     17       2.465    0.209 0.978      0.998 1.000 1.000 0.988 0.980 0.897 0.722 0.630 0.575 0.386 0.386 0.380 0.356 0.316 0.315
     18       1.504    0.359 0.933      0.976 0.986 0.988 1.000 0.999 0.955 0.821 0.743 0.695 0.525 0.525 0.519 0.498 0.460 0.459
     19       1.371    0.402 0.916      0.965 0.977 0.980 0.999 1.000 0.967 0.847 0.773 0.727 0.564 0.564 0.558 0.537 0.501 0.499
     20       1.036    0.621 0.784      0.868 0.890 0.897 0.955 0.967 1.000 0.954 0.909 0.878 0.755 0.755 0.750 0.733 0.704 0.702
     21       1.085    0.827 0.562      0.679 0.713 0.722 0.821 0.847 0.954 1.000 0.992 0.981 0.917 0.917 0.914 0.904 0.885 0.884
     22       1.247    0.891 0.454      0.581 0.619 0.630 0.743 0.773 0.909 0.992 1.000 0.998 0.960 0.960 0.958 0.950 0.936 0.935
     23       1.401    0.921 0.391      0.523 0.563 0.575 0.695 0.727 0.878 0.981 0.998 1.000 0.977 0.977 0.975 0.969 0.958 0.958
     24       2.777    0.983 0.185      0.329 0.373 0.386 0.525 0.564 0.755 0.917 0.960 0.977 1.000 1.000 1.000 0.999 0.997 0.997
     25       2.780    0.983 0.185      0.329 0.373 0.386 0.525 0.564 0.755 0.917 0.960 0.977 1.000 1.000 1.000 0.999 0.997 0.997
     26       2.879    0.984 0.178      0.322 0.367 0.380 0.519 0.558 0.750 0.914 0.958 0.975 1.000 1.000 1.000 1.000 0.998 0.998
     27       3.332    0.988 0.153      0.299 0.343 0.356 0.498 0.537 0.733 0.904 0.950 0.969 0.999 0.999 1.000 1.000 0.999 0.999
     28       4.572    0.994 0.111      0.258 0.303 0.316 0.460 0.501 0.704 0.885 0.936 0.958 0.997 0.997 0.998 0.999 1.000 1.000
     29       4.648    0.994 0.109      0.256 0.301 0.315 0.459 0.499 0.702 0.884 0.935 0.958 0.997 0.997 0.998 0.999 1.000 1.000

  R CORE   ENERGY   A0R/A00=1.000    R3= 0     2  
   2( 1)    0.301                    1.000 0.000
   2( 2)  200.515                    0.000 1.000

  R CORE   ENERGY   A0R/A00=1.000    R3= 0     2  
   3( 1)  200.816                    0.000 1.000

  R CORE   ENERGY   A0R/A00=1.000    R3= 0     2     4  
   4( 1)    1.002                    1.000 0.000 0.000

  R CORE   ENERGY   A0R/A00=1.000    R3= 0     2     4  
   5( 1)  201.718                    0.000 1.000 0.000

  R CORE   ENERGY   A0R/A00=1.000    R3= 0     2     4     6  
   6( 1)    2.104                    1.000 0.000 0.000 0.000

  R CORE   ENERGY   A0R/A00=1.000    R3= 0     2     4     6  
   7( 1)  203.021                    0.000 1.000 0.000 0.000

          AXIAL SYMMETRY => K RESTRICTED TO OMEGA

                     K
     S.P. ORB#: 15  4.50
     S.P. ORB#: 16  2.50
     S.P. ORB#: 17 -1.50
     S.P. ORB#: 18  0.50
     S.P. ORB#: 19  0.50
     S.P. ORB#: 20 -1.50
     S.P. ORB#: 21 -3.50
     S.P. ORB#: 22  2.50
     S.P. ORB#: 23  2.50
     S.P. ORB#: 24 -1.50
     S.P. ORB#: 25 -3.50
     S.P. ORB#: 26  0.50
     S.P. ORB#: 27  0.50
     S.P. ORB#: 28 -1.50
     S.P. ORB#: 29  4.50
 

             ENERGY    K= OMEGA
 
 I=  1/2+ (1)  1.934  18: 0.999
                      26: 0.052
 
 I=  1/2+ (2)  3.015  18:-0.052
                      26: 0.999
 
 I=  1/2+ (3)  3.165  19: 0.999
                      27:-0.054
 
 I=  1/2+ (4)  4.890  19: 0.054
                      27: 0.999
 
 I=  1/2+ (5) 61.160  20: 1.000

             ENERGY    K= OMEGA
 
 I=  3/2+ (1)  1.953  18: 0.993
                      24:-0.088
                      26:-0.062
 
 I=  3/2+ (2)  2.957  17: 0.802
                      24:-0.551
                      26:-0.228
 
 I=  3/2+ (3)  2.963  19: 0.382
                      20:-0.921
                      27:-0.052
 
 I=  3/2+ (4)  3.002  17: 0.574
                      18: 0.101
                      24: 0.811
 
 I=  3/2+ (5)  3.252  17:-0.156
                      18:-0.052
                      24: 0.176
                      26:-0.971

             ENERGY    K= OMEGA
 
 I=  5/2+ (1)  1.520  17:-0.097
                      22: 0.995
 
 I=  5/2+ (2)  2.161  19: 0.716
                      20: 0.633
                      23: 0.293
 
 I=  5/2+ (3)  2.367  17: 0.096
                      18: 0.975
                      24: 0.146
                      26: 0.134
 
 I=  5/2+ (4)  3.122  16: 0.533
                      17:-0.557
                      24: 0.536
                      26:-0.341
 
 I=  5/2+ (5)  3.247  16: 0.568
                      17:-0.314
                      18: 0.077
                      24:-0.649
                      26: 0.388

             ENERGY    K= OMEGA
 
 I=  7/2+ (1)  1.407  16:-0.111
                      21:-0.984
                      22:-0.135
 
 I=  7/2+ (2)  1.854  17:-0.147
                      21: 0.134
                      22:-0.978
 
 I=  7/2+ (3)  2.426  17: 0.069
                      18:-0.973
                      22:-0.058
                      24: 0.175
                      26: 0.121
 
 I=  7/2+ (4)  2.474  19:-0.279
                      20: 0.704
                      23:-0.615
                      25: 0.217
 
 I=  7/2+ (5)  3.449  16: 0.578
                      17: 0.618
                      18:-0.066
                      21:-0.070
                      22:-0.068
                      24:-0.459
                      26:-0.243

             ENERGY    K= OMEGA
 
 I=  9/2+ (1)  1.758  19:-0.689
                      20:-0.609
                      23:-0.368
                      25:-0.135
 
 I=  9/2+ (2)  1.811  16:-0.163
                      21: 0.966
                      22:-0.193
 
 I=  9/2+ (3)  2.284  17: 0.189
                      21:-0.193
                      22:-0.959
                      24: 0.060
 
 I=  9/2+ (4)  3.164  17:-0.146
                      18:-0.937
                      22:-0.087
                      24:-0.220
                      26:-0.211
 
 I=  9/2+ (5)  3.298  19:-0.523
                      20: 0.069
                      23: 0.675
                      25: 0.496
                      29: 0.140

             ENERGY    K= OMEGA
 
 I= 11/2+ (1)  2.308  16:-0.204
                      17:-0.061
                      21:-0.947
                      22:-0.237
 
 I= 11/2+ (2)  2.478  19:-0.248
                      20: 0.630
                      23:-0.641
                      25: 0.346
                      29:-0.099
 
 I= 11/2+ (3)  2.807  16: 0.062
                      17:-0.225
                      18: 0.107
                      21: 0.236
                      22:-0.933
                      24:-0.085
 
 I= 11/2+ (4)  3.284  17: 0.057
                      18:-0.947
                      22:-0.139
                      24: 0.231
                      26: 0.167
 
 I= 11/2+ (5)  4.316  19: 0.324
                      20:-0.431
                      23:-0.252
                      25: 0.510
                      27:-0.511
                      28:-0.244
                      29:-0.255

             ENERGY    K= OMEGA
 
 I= 13/2+ (1)  1.783  19: 0.680
                      20: 0.595
                      23: 0.387
                      25: 0.177
 
 I= 13/2+ (2)  2.897  16:-0.239
                      17: 0.081
                      21: 0.928
                      22:-0.271
 
 I= 13/2+ (3)  3.430  16: 0.079
                      17: 0.256
                      18: 0.079
                      21:-0.271
                      22:-0.916
                      24: 0.089
 
 I= 13/2+ (4)  3.694  19: 0.512
                      23:-0.597
                      25:-0.568
                      29:-0.241
 
 I= 13/2+ (5)  4.340  17: 0.168
                      18: 0.897
                      22: 0.153
                      24: 0.259
                      26: 0.278

             ENERGY     K= 9/2
  35 LEVELS    TIME=  0.0 SEC



 ******************* EXCITATION ENERGIES, DOMINANT CONFIGURATION AND EXPECTATION VALUES (WITH S.P. UU+VV FACTORS) *******************

  NR  Eex(keV)  I   Kdom  NY    <Jz>  <Jx**2> <Jy**2> <Jz**2> <I.j>/|I|  <Rx**2> <Ry**2> <Rz**2> <R.j>/|R|  <HROTx> <HROTy> <HROTz>

   1    0.0   7/2+  -7/2  21   -3.32    1.88    1.88   12.06    3.22       2.99    2.99    0.00   -1.24      0.150   0.150   0.000
   2  112.6   5/2+   5/2  22    2.46    1.67    1.67    6.21    2.22       2.59    2.59    0.00   -1.31      0.130   0.130   0.000
   3  351.3   9/2+   1/2  19   -0.04   20.63   20.63    2.03    5.88       4.79    4.79    0.00   -4.54      0.240   0.240   0.000
   4  376.4  13/2+   1/2  19   -0.02   20.58   20.58    2.28    5.92       4.73    4.73    0.00   -0.67      0.237   0.237   0.000
   5  404.4   9/2+  -7/2  21   -3.11    1.93    1.93   11.85    2.71       6.75    6.75    0.00   -0.61      0.338   0.338   0.000
  
   6  446.8   7/2+   5/2  22    2.29    1.70    1.70    6.25    1.75       5.77    5.77    0.00   -0.80      0.289   0.289   0.000
   7  526.8   1/2+   1/2  18    0.50    3.65    3.65    0.25   -0.11       4.25    4.25    0.00   -2.62      0.213   0.213   0.000
   8  546.3   3/2+   1/2  18    0.48    3.66    3.66    0.27    0.70       4.31    4.31    0.00   -2.12      0.216   0.216   0.000
   9  753.9   5/2+   1/2  19   -0.13   20.70   20.70    1.57    5.63       9.19    9.19    0.00   -6.13      0.461   0.461   0.000
  10  876.8   9/2+   5/2  22    2.12    1.74    1.74    6.30    1.48       9.89    9.89    0.00   -0.54      0.495   0.495   0.000
  
  11  900.8  11/2+  -7/2  21   -2.90    1.98    1.98   11.63    2.39      11.40   11.40    0.00   -0.28      0.571   0.571   0.000
  12  960.0   5/2+   1/2  18    0.44    3.55    3.55    0.32    0.03       8.00    8.00    0.00   -1.83      0.401   0.401   0.000
  13 1019.2   7/2+   1/2  18    0.44    3.59    3.59    0.34    0.77       8.57    8.57    0.00   -1.08      0.430   0.430   0.000
  14 1067.1   7/2+  -3/2  20    0.08   20.14   20.14    4.08    4.59      11.86   11.86    0.00   -5.37      0.594   0.594   0.000
  15 1070.5  11/2+   5/2  23    0.09   19.83   19.83    5.14    5.02      10.24   10.24    0.00   -3.26      0.513   0.513   0.000
  
  16 1399.9  11/2+   5/2  22    1.91    1.80    1.80    6.28    1.33      14.85   14.85    0.00   -0.35      0.744   0.744   0.000
  17 1490.2  13/2+  -7/2  21   -2.69    2.04    2.04   11.41    2.17      16.97   16.97    0.00   -0.06      0.850   0.850   0.000
  18 1550.2   3/2+  -3/2  17   -1.39    3.21    3.21    2.14    1.24       3.76    3.76    0.00   -2.25      0.189   0.189   0.000
  19 1556.0   3/2+  -3/2  20   -1.20   20.57   20.57    1.95    2.49      18.60   18.60    0.00   -6.28      0.932   0.932   0.000
  20 1595.1   3/2+  -3/2  24   -1.47    2.45    2.45    2.22    1.05       3.40    3.40    0.00   -1.95      0.170   0.170   0.000
  
  21 1607.7   1/2+   1/2  26    0.50    1.32    1.32    0.25    0.50       1.39    1.39    0.00   -1.48      0.070   0.070   0.000
  22 1715.0   5/2+  -3/2  17   -0.13    3.21    3.21    3.16    1.50       4.73    4.73    0.00   -1.67      0.237   0.237   0.000
  23 1757.1   9/2+   1/2  18    0.38    3.41    3.41    0.44    0.17      15.15   15.15    0.00   -1.16      0.759   0.759   0.000
  24 1758.0   1/2+   1/2  19    0.50   20.73   20.73    0.25    3.91      17.85   17.85    0.00   -6.42      0.894   0.894   0.000
  25 1839.8   5/2+  -3/2  24    0.11    2.80    2.80    3.23    1.14       5.41    5.41    0.00   -1.66      0.271   0.271   0.000
  
  26 1845.5   3/2+   1/2  26    0.39    1.37    1.37    0.36   -0.24       3.89    3.89    0.00   -1.28      0.195   0.195   0.000
  27 1877.2  11/2+   1/2  18    0.42    3.48    3.48    0.48    0.82      16.72   16.72    0.00   -0.44      0.838   0.838   0.000
  28 1890.5   9/2+   5/2  23    0.50   19.35   19.35    6.34    4.00      15.00   15.00    0.00   -4.59      0.752   0.752   0.000
  29 2023.0  13/2+   5/2  22    1.75    1.84    1.84    6.36    1.22      20.87   20.87    0.00   -0.23      1.045   1.045   0.000
  30 2041.7   7/2+  -3/2  17   -0.03    3.61    3.61    3.53    1.19       8.53    8.53    0.00   -1.46      0.428   0.428   0.000
  
  31 2287.0  13/2+   5/2  23    0.16   18.94   18.94    7.42    4.35      16.64   16.64   -0.00   -2.59      0.834   0.834  -0.000
  32 2909.1  11/2+   1/2  27   -0.65   16.32   16.32    5.54    3.31      17.20   17.20    0.00   -3.14      0.862   0.862   0.000
  33 2932.9  13/2+   1/2  18    0.36    3.25    3.25    0.58    0.25      26.18   26.18    0.00   -0.74      1.312   1.312   0.000
  34 3483.4   1/2+   1/2  27    0.50   13.32   13.32    0.25   -2.06      15.61   15.61    0.00   -5.13      0.782   0.782   0.000
  3559753.4   1/2+  -3/2  20    0.00    0.00    0.00    0.00    0.00       0.00    0.00    0.00   -0.00      0.000   0.000   0.000
  
