1SPECTRUM OF (Z= 79 A=197) IN PARTICLE-ROTOR  MODEL WITH MODIFIED OSCILLATOR POTENTIAL


 PARITY=+   EPS= 0.194   GAMMA=  0.0   EPS4=0.000   EPS6=0.000   LEVELS:  14  15  16  17  18  19  20  21  22  23  24  25  26  27  28

 PAIRING FACTORS: GN0= 19.20  GN1=  7.40  IPAIR= 15 ***  E2PLUS(INPUT)=   0.300  E2PLUR(INPUT)=   0.000

 CORIOLIS ATTENUATION PARAMETERS:  CHSI=1.000  ETA=  1.00

 MOMENT OF INERTIA PARAMETERS:   A1=  0.050 MEV   A2=  0.050 MEV   A3= 50.10380 MEV


 DELTA=0.921 MEV  LAMBDA=40.4722 MEV   HW0= 6.6103 MEV   LAMBDA/HW0= 6.1226

 E2ENERGY=0.300 MEV  HBAR**2/B= 2555./A**(7/3)= 439.1/A**2 MEV

 IREC=0  =>  RECOIL TERMS j+j-, j+j+, jzjz, ETC TREATED AS ONE-BODY OPERATORS WITH UU+VV PAIRING FACTORS



 S. P. LEVEL   EQP       U     V        (UU + VV)**1.00

     14       4.534    0.102 0.995      1.000 1.000 0.999 0.999 0.992 0.989 0.985 0.621 0.583 0.402 0.364 0.311 0.263 0.226 0.199
     15       4.417    0.105 0.994      1.000 1.000 0.999 0.999 0.992 0.990 0.985 0.623 0.585 0.404 0.366 0.313 0.265 0.228 0.201
     16       3.383    0.137 0.991      0.999 0.999 1.000 1.000 0.996 0.994 0.990 0.649 0.612 0.434 0.397 0.344 0.297 0.260 0.233
     17       3.173    0.147 0.989      0.999 0.999 1.000 1.000 0.996 0.995 0.992 0.656 0.619 0.442 0.405 0.353 0.306 0.269 0.243
     18       2.057    0.230 0.973      0.992 0.992 0.996 0.996 1.000 1.000 0.999 0.717 0.683 0.517 0.481 0.431 0.385 0.350 0.324
     19       1.938    0.245 0.969      0.989 0.990 0.994 0.995 1.000 1.000 1.000 0.728 0.695 0.530 0.495 0.445 0.400 0.364 0.339
     20       1.753    0.273 0.962      0.985 0.985 0.990 0.992 0.999 1.000 1.000 0.748 0.715 0.554 0.520 0.471 0.426 0.391 0.366
     21       1.016    0.843 0.538      0.621 0.623 0.649 0.656 0.717 0.728 0.748 1.000 0.999 0.967 0.956 0.938 0.919 0.904 0.891
     22       1.068    0.868 0.497      0.583 0.585 0.612 0.619 0.683 0.695 0.715 0.999 1.000 0.978 0.969 0.953 0.937 0.923 0.912
     23       1.581    0.952 0.306      0.402 0.404 0.434 0.442 0.517 0.530 0.554 0.967 0.978 1.000 0.999 0.995 0.989 0.983 0.977
     24       1.792    0.964 0.267      0.364 0.366 0.397 0.405 0.481 0.495 0.520 0.956 0.969 0.999 1.000 0.998 0.994 0.990 0.985
     25       2.222    0.977 0.212      0.311 0.313 0.344 0.353 0.431 0.445 0.471 0.938 0.953 0.995 0.998 1.000 0.999 0.996 0.993
     26       2.870    0.987 0.163      0.263 0.265 0.297 0.306 0.385 0.400 0.426 0.919 0.937 0.989 0.994 0.999 1.000 0.999 0.998
     27       3.718    0.992 0.125      0.226 0.228 0.260 0.269 0.350 0.364 0.391 0.904 0.923 0.983 0.990 0.996 0.999 1.000 1.000
     28       4.745    0.995 0.098      0.199 0.201 0.233 0.243 0.324 0.339 0.366 0.891 0.912 0.977 0.985 0.993 0.998 1.000 1.000

  R CORE   ENERGY   A0R/A00=1.000    R3= 0     2  
   2( 1)    0.301                    1.000 0.000
   2( 2)  200.515                    0.000 1.000

  R CORE   ENERGY   A0R/A00=1.000    R3= 0     2  
   3( 1)  200.816                    0.000 1.000

  R CORE   ENERGY   A0R/A00=1.000    R3= 0     2     4  
   4( 1)    1.002                    1.000 0.000 0.000

  R CORE   ENERGY   A0R/A00=1.000    R3= 0     2     4  
   5( 1)  201.718                    0.000 1.000 0.000

  R CORE   ENERGY   A0R/A00=1.000    R3= 0     2     4     6  
   6( 1)    2.104                    1.000 0.000 0.000 0.000

  R CORE   ENERGY   A0R/A00=1.000    R3= 0     2     4     6  
   7( 1)  203.021                    0.000 1.000 0.000 0.000

          AXIAL SYMMETRY => K RESTRICTED TO OMEGA

                     K
     S.P. ORB#: 14 -1.50
     S.P. ORB#: 15  0.50
     S.P. ORB#: 16  2.50
     S.P. ORB#: 17 -1.50
     S.P. ORB#: 18 -3.50
     S.P. ORB#: 19  0.50
     S.P. ORB#: 20  2.50
     S.P. ORB#: 21 -1.50
     S.P. ORB#: 22  0.50
     S.P. ORB#: 23  0.50
     S.P. ORB#: 24 -1.50
     S.P. ORB#: 25  2.50
     S.P. ORB#: 26 -3.50
     S.P. ORB#: 27  4.50
     S.P. ORB#: 28 -5.50
 

             ENERGY    K= OMEGA
 
 I=  1/2+ (1)  1.169  19:-0.076
                      22:-0.997
 
 I=  1/2+ (2)  2.286  19: 0.997
                      22:-0.075
 
 I=  1/2+ (3)  3.609  23: 1.000
 
 I=  1/2+ (4)  4.880  15: 0.999
 
 I=  1/2+ (5) 61.140  21: 1.000

             ENERGY    K= OMEGA
 
 I=  3/2+ (1)  1.163  19: 0.114
                      21:-0.939
                      22:-0.324
 
 I=  3/2+ (2)  1.397  21:-0.330
                      22: 0.943
 
 I=  3/2+ (3)  2.279  15:-0.059
                      19:-0.990
                      21:-0.095
                      22:-0.070
 
 I=  3/2+ (4)  3.599  14:-0.050
                      15:-0.150
                      17:-0.987
 
 I=  3/2+ (5)  3.782  23:-0.505
                      24: 0.863

             ENERGY    K= OMEGA
 
 I=  5/2+ (1)  1.375  21: 0.857
                      22:-0.512
 
 I=  5/2+ (2)  1.553  19: 0.207
                      21: 0.493
                      22: 0.843
 
 I=  5/2+ (3)  1.994  17: 0.137
                      20:-0.988
                      21:-0.052
 
 I=  5/2+ (4)  2.664  23: 0.803
                      24: 0.550
                      25: 0.230
 
 I=  5/2+ (5)  2.803  14:-0.066
                      15: 0.102
                      17:-0.080
                      19:-0.966
                      21: 0.138
                      22: 0.159

             ENERGY    K= OMEGA
 
 I=  7/2+ (1)  1.641  19:-0.262
                      21: 0.848
                      22: 0.458
 
 I=  7/2+ (2)  2.075  17:-0.071
                      20:-0.163
                      21:-0.473
                      22: 0.861
 
 I=  7/2+ (3)  2.260  16: 0.084
                      17: 0.166
                      18: 0.557
                      20: 0.794
                      21:-0.094
                      22: 0.123
 
 I=  7/2+ (4)  2.389  16: 0.160
                      17:-0.112
                      18: 0.810
                      20:-0.544
                      21: 0.073
                      22:-0.055
 
 I=  7/2+ (5)  2.803  14: 0.090
                      15:-0.103
                      19:-0.954
                      21:-0.205
                      22:-0.168

             ENERGY    K= OMEGA
 
 I=  9/2+ (1)  2.084  21:-0.786
                      22: 0.613
 
 I=  9/2+ (2)  2.142  23: 0.733
                      24: 0.571
                      25: 0.338
                      26: 0.144
 
 I=  9/2+ (3)  2.304  17:-0.106
                      19:-0.310
                      20: 0.167
                      21:-0.558
                      22:-0.742
 
 I=  9/2+ (4)  2.612  16: 0.161
                      17:-0.198
                      18:-0.635
                      20: 0.713
                      21: 0.088
                      22: 0.110
 
 I=  9/2+ (5)  2.801  16:-0.209
                      17:-0.166
                      18: 0.723
                      20: 0.619
                      21: 0.112
                      22: 0.078

             ENERGY    K= OMEGA
 
 I= 11/2+ (1)  2.468  16: 0.060
                      19: 0.383
                      21:-0.780
                      22:-0.486
 
 I= 11/2+ (2)  2.909  23:-0.240
                      24: 0.581
                      25:-0.619
                      26: 0.426
                      27:-0.195
                      28: 0.052
 
 I= 11/2+ (3)  3.030  15:-0.054
                      16:-0.170
                      17:-0.260
                      18:-0.551
                      20:-0.700
                      21:-0.188
                      22: 0.264
 
 I= 11/2+ (4)  3.156  16: 0.193
                      18: 0.492
                      21:-0.435
                      22: 0.725
 
 I= 11/2+ (5)  3.320  14:-0.068
                      16: 0.208
                      17:-0.190
                      18: 0.578
                      20:-0.632
                      21: 0.285
                      22:-0.313

             ENERGY    K= OMEGA
 
 I= 13/2+ (1)  2.036  23:-0.701
                      24:-0.571
                      25:-0.374
                      26:-0.193
                      27:-0.075
 
 I= 13/2+ (2)  3.187  16:-0.070
                      17: 0.052
                      18: 0.063
                      21:-0.742
                      22: 0.661
 
 I= 13/2+ (3)  3.393  15:-0.108
                      17: 0.226
                      18: 0.072
                      19: 0.370
                      20:-0.359
                      21: 0.541
                      22: 0.611
 
 I= 13/2+ (4)  3.588  14:-0.091
                      15:-0.054
                      16:-0.294
                      17: 0.194
                      18: 0.692
                      19:-0.111
                      20:-0.529
                      21:-0.144
                      22:-0.269
 
 I= 13/2+ (5)  3.838  23: 0.440
                      25:-0.444
                      26:-0.607
                      27:-0.450
                      28:-0.195

             ENERGY     K=**/2
  35 LEVELS    TIME=  0.0 SEC



 ******************* EXCITATION ENERGIES, DOMINANT CONFIGURATION AND EXPECTATION VALUES (WITH S.P. UU+VV FACTORS) *******************

  NR  Eex(keV)  I   Kdom  NY    <Jz>  <Jx**2> <Jy**2> <Jz**2> <I.j>/|I|  <Rx**2> <Ry**2> <Rz**2> <R.j>/|R|  <HROTx> <HROTy> <HROTz>

   1    0.0   3/2+  -3/2  21   -1.26    1.10    1.10    2.01    1.39       1.29    1.29    0.00   -0.95      0.064   0.064   0.000
   2    5.6   1/2+   1/2  22    0.50    0.94    0.94    0.25    0.58       0.94    0.94    0.00   -1.19      0.047   0.047   0.000
   3  212.4   5/2+  -3/2  21   -0.97    1.06    1.06    1.73    0.98       3.41    3.41    0.00   -0.37      0.171   0.171   0.000
   4  234.1   3/2+   1/2  22    0.28    1.02    1.02    0.47   -0.10       3.31    3.31    0.00   -1.04      0.166   0.166   0.000
   5  389.8   5/2+   1/2  22    0.02    1.00    1.00    0.75    0.41       4.54    4.54    0.00   -0.51      0.227   0.227   0.000
  
   6  478.3   7/2+  -3/2  21   -0.93    1.27    1.27    1.70    1.14       5.46    5.46    0.00    0.09      0.273   0.273   0.000
   7  831.2   5/2+   5/2  20    2.41    1.52    1.52    6.16    2.31       2.15    2.15    0.00   -1.14      0.108   0.108   0.000
   8  872.5  13/2+   1/2  23   -0.00   22.50   22.50    2.31    6.54       2.34    2.34    0.00   -0.75      0.117   0.117   0.000
   9  912.4   7/2+   1/2  22    0.09    1.08    1.08    0.87   -0.12       9.85    9.85    0.00   -0.79      0.494   0.494   0.000
  10  921.3   9/2+  -3/2  21   -0.73    1.06    1.06    1.51    0.77      10.38   10.38    0.00    0.04      0.520   0.520   0.000
  
  11  978.6   9/2+   1/2  23   -0.00   22.70   22.70    1.87    6.46       3.88    3.88    0.00   -5.43      0.194   0.194   0.000
  12 1096.5   7/2+   5/2  20    0.46    1.75    1.75    7.87    2.47       3.75    3.75    0.00   -0.57      0.188   0.188   0.000
  13 1115.6   3/2+   1/2  19    0.48    2.58    2.58    0.27    0.62       3.39    3.39    0.00   -1.62      0.170   0.170   0.000
  14 1123.4   1/2+   1/2  19    0.50    2.71    2.71    0.25   -0.35       3.51    3.51    0.00   -2.25      0.176   0.176   0.000
  15 1140.6   9/2+   1/2  22   -0.09    1.17    1.17    1.07    0.59      11.15   11.15    0.00   -0.10      0.559   0.559   0.000
  
  16 1226.4   7/2+  -7/2  18   -1.52    1.68    1.68   10.09    2.72       3.79    3.79    0.00   -0.96      0.190   0.190   0.000
  17 1305.1  11/2+  -3/2  21   -0.71    1.50    1.50    1.52    1.22      12.83   12.83    0.00    0.55      0.643   0.643   0.000
  18 1448.7   9/2+   5/2  20   -0.14    1.94    1.94    8.39    2.43       6.43    6.43    0.00   -0.05      0.322   0.322   0.000
  19 1500.9   5/2+   1/2  23    0.00   23.01   23.01    1.17    6.13       9.83    9.83    0.00   -6.55      0.493   0.493   0.000
  20 1638.4   9/2+  -7/2  18   -0.82    1.67    1.67    9.18    2.18       7.81    7.81    0.00   -0.43      0.391   0.391   0.000
  
  21 1639.6   7/2+   1/2  19    0.40    2.41    2.41    0.36    0.42       8.78    8.78    0.00   -0.83      0.440   0.440   0.000
  22 1640.1   5/2+   1/2  19    0.44    2.72    2.72    0.31   -0.45       8.58    8.58    0.00   -1.71      0.430   0.430   0.000
  23 1745.5  11/2+   5/2  25   -0.00   20.72   20.72    6.24    5.83       6.86    6.86    0.00   -3.46      0.344   0.344   0.000
  24 1867.3  11/2+   5/2  20    0.12    2.00    2.00    7.21    2.09      11.01   11.01    0.00    0.27      0.551   0.551   0.000
  25 1992.6  11/2+   1/2  22   -0.78    1.40    1.40    3.76    0.60      17.57   17.57    0.00   -0.50      0.880   0.880   0.000
  
  26 2024.1  13/2+  -3/2  21   -0.61    1.10    1.10    1.43    0.71      21.21   21.21    0.00    0.21      1.063   1.063   0.000
  27 2156.8  11/2+   5/2  20   -0.20    1.53    1.53    7.17    1.42      14.50   14.50   -0.00   -0.32      0.726   0.726  -0.000
  28 2229.5  13/2+   1/2  22    0.05    1.53    1.53    1.77    1.01      19.74   19.74    0.00    0.35      0.989   0.989   0.000
  29 2425.0  13/2+  -7/2  18   -0.82    2.22    2.22    8.33    2.22      15.23   15.23   -0.00    0.50      0.763   0.763  -0.000
  30 2436.1   3/2+  -3/2  17   -1.45    3.85    3.85    2.20    1.48       3.95    3.95    0.00   -2.50      0.198   0.198   0.000
  
  31 2445.7   1/2+   1/2  23    0.50   23.41   23.41    0.25    4.25      20.23   20.23   -0.00   -6.82      1.014   1.014  -0.000
  32 2618.8   3/2+  -3/2  24   -0.99   22.77   22.77    1.74    2.64      20.40   20.40   -0.00   -6.60      1.022   1.022  -0.000
  33 2674.8  13/2+  -7/2  26    0.00   18.46   18.46   11.05    5.35      11.00   11.00    0.00   -2.26      0.551   0.551   0.000
  34 3717.3   1/2+   1/2  15    0.50    5.03    5.03    0.25    1.01       4.65    4.65    0.00   -3.09      0.233   0.233   0.000
  3559977.3   1/2+  -3/2  21    0.00    0.00    0.00    0.00    0.00       0.00    0.00   -0.00   -0.00      0.000   0.000  -0.000
  
