1SPECTRUM OF (Z= 79 A=197) IN PARTICLE-ROTOR  MODEL WITH MODIFIED OSCILLATOR POTENTIAL


 PARITY=+   EPS= 0.436   GAMMA=  0.0   EPS4=0.000   EPS6=0.000   LEVELS:  14  15  16  17  18  19  20  21  22  23  24  25  26  27  28

 PAIRING FACTORS: GN0= 19.20  GN1=  7.40  IPAIR= 15 ***  E2PLUS(INPUT)=   0.434  E2PLUR(INPUT)=   0.000

 CORIOLIS ATTENUATION PARAMETERS:  CHSI=1.000  ETA=  1.00

 MOMENT OF INERTIA PARAMETERS:   A1=  0.072 MEV   A2=  0.072 MEV   A3= 72.48349 MEV


 DELTA=0.854 MEV  LAMBDA=40.4239 MEV   HW0= 6.7413 MEV   LAMBDA/HW0= 5.9965

 E2ENERGY=0.434 MEV  HBAR**2/B=18669./A**(7/3)=3208.5/A**2 MEV

 IREC=0  =>  RECOIL TERMS j+j-, j+j+, jzjz, ETC TREATED AS ONE-BODY OPERATORS WITH UU+VV PAIRING FACTORS



 S. P. LEVEL   EQP       U     V        (UU + VV)**1.00

     14       5.059    0.085 0.996      1.000 0.997 0.994 0.993 0.986 0.952 0.935 0.488 0.412 0.353 0.248 0.240 0.212 0.208 0.187
     15       2.739    0.158 0.987      0.997 1.000 0.999 0.999 0.995 0.972 0.958 0.551 0.478 0.421 0.319 0.310 0.284 0.280 0.259
     16       2.292    0.190 0.982      0.994 0.999 1.000 1.000 0.998 0.979 0.967 0.577 0.506 0.450 0.350 0.341 0.315 0.311 0.290
     17       2.129    0.205 0.979      0.993 0.999 1.000 1.000 0.999 0.982 0.971 0.590 0.520 0.464 0.364 0.356 0.329 0.326 0.305
     18       1.753    0.252 0.968      0.986 0.995 0.998 0.999 1.000 0.990 0.981 0.628 0.560 0.506 0.409 0.400 0.374 0.371 0.350
     19       1.200    0.386 0.923      0.952 0.972 0.979 0.982 0.990 1.000 0.999 0.732 0.671 0.622 0.533 0.525 0.502 0.498 0.479
     20       1.094    0.433 0.901      0.935 0.958 0.967 0.971 0.981 0.999 1.000 0.766 0.709 0.662 0.576 0.569 0.546 0.542 0.524
     21       1.138    0.911 0.412      0.488 0.551 0.577 0.590 0.628 0.732 0.766 1.000 0.996 0.989 0.967 0.964 0.957 0.955 0.949
     22       1.359    0.943 0.333      0.412 0.478 0.506 0.520 0.560 0.671 0.709 0.996 1.000 0.998 0.985 0.983 0.978 0.977 0.972
     23       1.631    0.962 0.272      0.353 0.421 0.450 0.464 0.506 0.622 0.662 0.989 0.998 1.000 0.994 0.993 0.989 0.989 0.985
     24       2.617    0.986 0.166      0.248 0.319 0.350 0.364 0.409 0.533 0.576 0.967 0.985 0.994 1.000 1.000 0.999 0.999 0.998
     25       2.766    0.988 0.156      0.240 0.310 0.341 0.356 0.400 0.525 0.569 0.964 0.983 0.993 1.000 1.000 1.000 0.999 0.999
     26       3.344    0.992 0.129      0.212 0.284 0.315 0.329 0.374 0.502 0.546 0.957 0.978 0.989 0.999 1.000 1.000 1.000 1.000
     27       3.450    0.992 0.125      0.208 0.280 0.311 0.326 0.371 0.498 0.542 0.955 0.977 0.989 0.999 0.999 1.000 1.000 1.000
     28       4.168    0.995 0.103      0.187 0.259 0.290 0.305 0.350 0.479 0.524 0.949 0.972 0.985 0.998 0.999 1.000 1.000 1.000

  R CORE   ENERGY   A0R/A00=1.000    R3= 0     2  
   2( 1)    0.435                    1.000 0.000
   2( 2)  290.079                    0.000 1.000

  R CORE   ENERGY   A0R/A00=1.000    R3= 0     2  
   3( 1)  290.514                    0.000 1.000

  R CORE   ENERGY   A0R/A00=1.000    R3= 0     2     4  
   4( 1)    1.450                    1.000 0.000 0.000

  R CORE   ENERGY   A0R/A00=1.000    R3= 0     2     4  
   5( 1)  291.819                    0.000 1.000 0.000

  R CORE   ENERGY   A0R/A00=1.000    R3= 0     2     4     6  
   6( 1)    3.044                    1.000 0.000 0.000 0.000

  R CORE   ENERGY   A0R/A00=1.000    R3= 0     2     4     6  
   7( 1)  293.703                    0.000 1.000 0.000 0.000

          AXIAL SYMMETRY => K RESTRICTED TO OMEGA

                     K
     S.P. ORB#: 14  0.50
     S.P. ORB#: 15  4.50
     S.P. ORB#: 16  2.50
     S.P. ORB#: 17 -1.50
     S.P. ORB#: 18  0.50
     S.P. ORB#: 19  0.50
     S.P. ORB#: 20 -1.50
     S.P. ORB#: 21  2.50
     S.P. ORB#: 22 -3.50
     S.P. ORB#: 23  2.50
     S.P. ORB#: 24  0.50
     S.P. ORB#: 25 -3.50
     S.P. ORB#: 26 -1.50
     S.P. ORB#: 27  0.50
     S.P. ORB#: 28 -1.50
 

             ENERGY    K= OMEGA
 
 I=  1/2+ (1)  1.839  19: 0.999
 
 I=  1/2+ (2)  3.649  27:-0.999
 
 I=  1/2+ (3)  4.214  18:-0.972
                      24: 0.235
 
 I=  1/2+ (4)  4.774  18:-0.235
                      24:-0.972
 
 I=  1/2+ (5)  5.891  14: 0.999

             ENERGY    K= OMEGA
 
 I=  3/2+ (1)  1.859  14: 0.070
                      19: 0.993
                      26:-0.071
                      27:-0.052
 
 I=  3/2+ (2)  2.845  14:-0.105
                      17:-0.992
 
 I=  3/2+ (3)  3.652  19:-0.080
                      26:-0.976
                      27:-0.200
 
 I=  3/2+ (4)  3.776  18: 0.358
                      20:-0.806
                      24:-0.444
                      28:-0.159
 
 I=  3/2+ (5)  3.991  26:-0.205
                      27: 0.977

             ENERGY    K= OMEGA
 
 I=  5/2+ (1)  2.022  17: 0.166
                      19: 0.086
                      23:-0.981
 
 I=  5/2+ (2)  2.405  14:-0.129
                      17: 0.212
                      19: 0.948
                      23: 0.129
                      26: 0.104
                      27: 0.107
 
 I=  5/2+ (3)  2.741  18:-0.678
                      20:-0.643
                      21:-0.357
 
 I=  5/2+ (4)  3.092  14: 0.087
                      16: 0.759
                      17:-0.609
                      19: 0.170
                      23:-0.079
                      26: 0.099
 
 I=  5/2+ (5)  3.296  14: 0.113
                      16:-0.649
                      17:-0.721
                      19: 0.176
                      23:-0.115

             ENERGY    K= OMEGA
 
 I=  7/2+ (1)  1.833  16:-0.136
                      22:-0.982
                      23:-0.127
 
 I=  7/2+ (2)  2.478  17:-0.204
                      19: 0.610
                      22: 0.102
                      23:-0.744
                      26:-0.130
                      27:-0.057
 
 I=  7/2+ (3)  2.535  14:-0.120
                      17:-0.120
                      19:-0.762
                      22: 0.079
                      23:-0.609
                      26: 0.078
                      27: 0.085
 
 I=  7/2+ (4)  3.040  18:-0.240
                      20: 0.623
                      21:-0.678
                      25: 0.304
 
 I=  7/2+ (5)  3.517  14:-0.154
                      16:-0.605
                      17:-0.747
                      22: 0.085
                      23: 0.181
                      26: 0.087
                      27: 0.068

             ENERGY    K= OMEGA
 
 I=  9/2+ (1)  2.210  18: 0.663
                      20: 0.605
                      21: 0.406
                      25: 0.172
 
 I=  9/2+ (2)  2.424  16:-0.198
                      17: 0.065
                      22: 0.958
                      23:-0.187
 
 I=  9/2+ (3)  3.057  14:-0.140
                      17: 0.381
                      19: 0.319
                      22:-0.191
                      23:-0.825
                      26: 0.107
                      27: 0.061
 
 I=  9/2+ (4)  3.393  15:-0.998
 
 I=  9/2+ (5)  3.449  14:-0.206
                      16:-0.075
                      17: 0.251
                      19: 0.796
                      23: 0.472
                      26: 0.096
                      27: 0.147

             ENERGY    K= OMEGA
 
 I= 11/2+ (1)  3.151  15: 0.061
                      16: 0.245
                      17: 0.093
                      22: 0.935
                      23: 0.231
 
 I= 11/2+ (2)  3.154  18: 0.227
                      20:-0.582
                      21: 0.678
                      25:-0.388
 
 I= 11/2+ (3)  3.691  14:-0.147
                      17: 0.076
                      19:-0.931
                      22:-0.056
                      23: 0.202
                      26: 0.207
                      27: 0.133
 
 I= 11/2+ (4)  3.862  14:-0.127
                      17:-0.364
                      19:-0.212
                      22: 0.236
                      23:-0.862
                      27: 0.051
 
 I= 11/2+ (5)  4.193  15: 0.997
                      22:-0.065

             ENERGY    K= OMEGA
 
 I= 13/2+ (1)  2.328  18: 0.672
                      20: 0.592
                      21: 0.401
                      25: 0.191
 
 I= 13/2+ (2)  4.003  14:-0.064
                      15:-0.069
                      16:-0.281
                      17: 0.166
                      19: 0.080
                      22: 0.891
                      23:-0.289
 
 I= 13/2+ (3)  4.520  14:-0.269
                      16: 0.053
                      17: 0.509
                      19: 0.481
                      22:-0.320
                      23:-0.546
                      26: 0.139
                      27: 0.114
 
 I= 13/2+ (4)  4.842  18: 0.515
                      21:-0.647
                      25:-0.560
 
 I= 13/2+ (5)  5.092  14: 0.201
                      15: 0.193
                      16: 0.106
                      17:-0.138
                      19:-0.592
                      22:-0.085
                      23:-0.714
                      27:-0.150

             ENERGY     K=-3/2
  35 LEVELS    TIME=  0.0 SEC



 ******************* EXCITATION ENERGIES, DOMINANT CONFIGURATION AND EXPECTATION VALUES (WITH S.P. UU+VV FACTORS) *******************

  NR  Eex(keV)  I   Kdom  NY    <Jz>  <Jx**2> <Jy**2> <Jz**2> <I.j>/|I|  <Rx**2> <Ry**2> <Rz**2> <R.j>/|R|  <HROTx> <HROTy> <HROTz>

   1    0.0   7/2+  -7/2  22   -3.29    1.91    1.91   12.03    3.20       3.12    3.12    0.00   -1.27      0.226   0.226   0.000
   2    5.7   1/2+   1/2  19    0.50    3.83    3.83    0.25   -0.04       4.36    4.36   -0.00   -2.69      0.316   0.316  -0.000
   3   25.6   3/2+   1/2  19    0.49    3.80    3.80    0.26    0.78       4.29    4.29   -0.00   -2.17      0.311   0.311  -0.000
   4  188.6   5/2+   5/2  23    2.37    1.77    1.77    6.08    2.24       2.58    2.58    0.00   -1.33      0.187   0.187   0.000
   5  376.4   9/2+   1/2  18   -0.02   19.95   19.95    2.33    5.67       5.30    5.30   -0.00   -4.31      0.384   0.384  -0.000
  
   6  494.2  13/2+   1/2  18   -0.02   19.96   19.96    2.35    5.66       5.97    5.97   -0.00   -0.79      0.433   0.433  -0.000
   7  571.8   5/2+   1/2  19    0.42    3.86    3.86    0.46    0.43       7.19    7.19   -0.00   -1.82      0.521   0.521  -0.000
   8  591.0   9/2+  -7/2  22   -3.03    1.99    1.99   11.77    2.67       6.98    6.98    0.00   -0.66      0.506   0.506   0.000
   9  645.0   7/2+   5/2  23    1.45    2.59    2.59    3.81    1.47       6.54    6.54    0.00   -0.87      0.474   0.474   0.000
  10  701.5   7/2+   1/2  19    1.18    3.00    3.00    2.59    1.20       7.42    7.42    0.00   -1.00      0.538   0.538   0.000
  
  11  907.1   5/2+   1/2  18   -0.07   20.00   20.00    1.84    5.43       9.22    9.22    0.00   -6.00      0.669   0.669   0.000
  12 1011.5   3/2+  -3/2  17   -1.47    4.46    4.46    2.22    1.42       4.70    4.70   -0.00   -2.74      0.341   0.341  -0.000
  13 1206.7   7/2+   5/2  21    0.27   19.49   19.49    4.89    4.51      11.93   11.93   -0.00   -5.32      0.865   0.865  -0.000
  14 1223.7   9/2+   5/2  23    1.41    2.41    2.41    5.10    1.67       9.05    9.05    0.00   -0.39      0.656   0.656   0.000
  15 1258.3   5/2+   5/2  16    0.90    4.61    4.61    4.50    1.78       5.96    5.96    0.00   -2.45      0.432   0.432   0.000
  
  16 1317.2  11/2+  -7/2  22   -2.77    2.06    2.06   11.51    2.33      11.78   11.78    0.00   -0.36      0.854   0.854   0.000
  17 1320.9  11/2+   5/2  21    0.14   19.39   19.39    5.49    4.67      12.10   12.10    0.00   -3.33      0.877   0.877   0.000
  18 1462.4   5/2+  -3/2  17    0.33    4.61    4.61    3.90    1.14       7.55    7.55    0.00   -2.50      0.547   0.547   0.000
  19 1559.5   9/2+   9/2  15    4.48    2.25    2.25   20.20    4.06       4.55    4.55   -0.00   -1.50      0.329   0.329  -0.000
  20 1615.2   9/2+   1/2  19    0.81    3.48    3.48    1.80    0.80      12.79   12.79    0.00   -0.95      0.927   0.927   0.000
  
  21 1683.5   7/2+  -3/2  17    0.14    4.45    4.45    3.86    1.39       8.73    8.73    0.00   -1.73      0.633   0.633   0.000
  22 1815.5   1/2+   1/2  27    0.50    1.35    1.35    0.25    0.53       1.39    1.39    0.00   -1.49      0.101   0.101   0.000
  23 1818.4   3/2+  -3/2  26   -1.41    1.42    1.42    2.16    1.13       2.19    2.19    0.00   -1.34      0.159   0.159   0.000
  24 1857.2  11/2+   1/2  19    0.47    3.61    3.61    0.63    1.05      15.53   15.53    0.00   -0.28      1.126   1.126   0.000
  25 1942.4   3/2+  -3/2  20   -0.85   17.86   17.86    1.60    2.70      15.31   15.31    0.00   -5.80      1.109   1.109   0.000
  
  26 2028.7  11/2+   5/2  23    1.51    2.21    2.21    5.70    1.37      14.72   14.72    0.00   -0.35      1.067   1.067   0.000
  27 2157.1   3/2+   1/2  27    0.41    1.33    1.33    0.34   -0.21       3.78    3.78    0.00   -1.24      0.274   0.274   0.000
  28 2169.9  13/2+  -7/2  22   -2.39    2.21    2.21   10.90    2.11      17.27   17.27    0.00   -0.09      1.252   1.252   0.000
  29 2359.2  11/2+   9/2  15    4.46    2.25    2.25   20.18    3.37      10.08   10.08   -0.00   -1.01      0.731   0.731  -0.000
  30 2380.9   1/2+   1/2  18    0.50   19.08   19.08    0.25    3.39      16.65   16.65   -0.00   -6.15      1.207   1.207  -0.000
  
  31 2686.8  13/2+   5/2  23    0.14    3.30    3.30    3.88    1.69      17.79   17.79    0.00    0.23      1.289   1.289   0.000
  32 2940.1   1/2+   1/2  24    0.50   13.48   13.48    0.25   -1.41      15.20   15.20   -0.00   -5.16      1.102   1.102  -0.000
  33 3008.1  13/2+   5/2  21    0.08   18.89   18.89    6.54    3.67      20.89   20.89    0.00   -2.89      1.514   1.514   0.000
  34 3258.7  13/2+   5/2  23    1.62    2.74    2.74    4.25    0.86      23.27   23.27    0.00   -0.55      1.687   1.687   0.000
  35 4057.5   1/2+   1/2  14    0.50    5.89    5.89    0.25    0.72       5.77    5.77    0.00   -3.36      0.418   0.418   0.000
  
