1SPECTRUM OF (Z= 79 A=197) IN PARTICLE-ROTOR  MODEL WITH MODIFIED OSCILLATOR POTENTIAL


 PARITY=-   EPS=-0.500   GAMMA=  0.0   EPS4=0.000   EPS6=0.000   LEVELS:  14  15  16  17  18  19  20  21  22  23  24  25  26  27  28

 PAIRING FACTORS: GN0= 19.20  GN1=  7.40  IPAIR= 15 ***  E2PLUS(INPUT)=   0.434  E2PLUR(INPUT)=   0.000

 CORIOLIS ATTENUATION PARAMETERS:  CHSI=1.000  ETA=  1.00

 MOMENT OF INERTIA PARAMETERS:   A1=  0.072 MEV   A2=  0.072 MEV   A3= 72.48348 MEV


 DELTA=0.918 MEV  LAMBDA=40.1916 MEV   HW0= 6.7523 MEV   LAMBDA/HW0= 5.9522

 E2ENERGY=0.434 MEV  HBAR**2/B=24552./A**(7/3)=4219.5/A**2 MEV

 IREC=0  =>  RECOIL TERMS j+j-, j+j+, jzjz, ETC TREATED AS ONE-BODY OPERATORS WITH UU+VV PAIRING FACTORS



 S. P. LEVEL   EQP       U     V        (UU + VV)**1.00

     14       3.969    0.116 0.993      1.000 0.999 0.995 0.984 0.979 0.923 0.828 0.725 0.364 0.358 0.299 0.269 0.267 0.224 0.214
     15       2.740    0.170 0.985      0.999 1.000 0.999 0.992 0.988 0.943 0.857 0.762 0.414 0.407 0.350 0.321 0.319 0.276 0.267
     16       2.167    0.217 0.976      0.995 0.999 1.000 0.997 0.995 0.958 0.881 0.792 0.457 0.451 0.394 0.366 0.364 0.322 0.312
     17       1.639    0.293 0.956      0.984 0.992 0.997 1.000 1.000 0.977 0.915 0.837 0.526 0.519 0.465 0.438 0.436 0.395 0.386
     18       1.525    0.317 0.948      0.979 0.988 0.995 1.000 1.000 0.982 0.925 0.851 0.547 0.541 0.488 0.461 0.459 0.419 0.409
     19       1.076    0.489 0.872      0.923 0.943 0.958 0.977 0.982 1.000 0.980 0.934 0.694 0.689 0.642 0.618 0.617 0.581 0.573
     20       0.928    0.653 0.757      0.828 0.857 0.881 0.915 0.925 0.980 1.000 0.987 0.824 0.820 0.782 0.763 0.761 0.732 0.725
     21       0.933    0.768 0.640      0.725 0.762 0.792 0.837 0.851 0.934 0.987 1.000 0.905 0.902 0.874 0.858 0.857 0.833 0.828
     22       1.872    0.967 0.253      0.364 0.414 0.457 0.526 0.547 0.694 0.824 0.905 1.000 1.000 0.998 0.995 0.995 0.989 0.988
     23       1.922    0.969 0.246      0.358 0.407 0.451 0.519 0.541 0.689 0.820 0.902 1.000 1.000 0.998 0.996 0.995 0.990 0.989
     24       2.519    0.983 0.185      0.299 0.350 0.394 0.465 0.488 0.642 0.782 0.874 0.998 0.998 1.000 1.000 0.999 0.997 0.996
     25       2.995    0.988 0.155      0.269 0.321 0.366 0.438 0.461 0.618 0.763 0.858 0.995 0.996 1.000 1.000 1.000 0.999 0.998
     26       3.030    0.988 0.153      0.267 0.319 0.364 0.436 0.459 0.617 0.761 0.857 0.995 0.995 0.999 1.000 1.000 0.999 0.998
     27       4.231    0.994 0.109      0.224 0.276 0.322 0.395 0.419 0.581 0.732 0.833 0.989 0.990 0.997 0.999 0.999 1.000 1.000
     28       4.665    0.995 0.099      0.214 0.267 0.312 0.386 0.409 0.573 0.725 0.828 0.988 0.989 0.996 0.998 0.998 1.000 1.000

  R CORE   ENERGY   A0R/A00=1.000    R3= 0     2  
   2( 1)    0.435                    1.000 0.000
   2( 2)  290.079                    0.000 1.000

  R CORE   ENERGY   A0R/A00=1.000    R3= 0     2  
   3( 1)  290.514                    0.000 1.000

  R CORE   ENERGY   A0R/A00=1.000    R3= 0     2     4  
   4( 1)    1.450                    1.000 0.000 0.000

  R CORE   ENERGY   A0R/A00=1.000    R3= 0     2     4  
   5( 1)  291.818                    0.000 1.000 0.000

  R CORE   ENERGY   A0R/A00=1.000    R3= 0     2     4     6  
   6( 1)    3.044                    1.000 0.000 0.000 0.000

  R CORE   ENERGY   A0R/A00=1.000    R3= 0     2     4     6  
   7( 1)  293.703                    0.000 1.000 0.000 0.000

          AXIAL SYMMETRY => K RESTRICTED TO OMEGA

                     K
     S.P. ORB#: 14  4.50
     S.P. ORB#: 15 -3.50
     S.P. ORB#: 16  0.50
     S.P. ORB#: 17  4.50
     S.P. ORB#: 18  2.50
     S.P. ORB#: 19 -1.50
     S.P. ORB#: 20  0.50
     S.P. ORB#: 21 -3.50
     S.P. ORB#: 22  2.50
     S.P. ORB#: 23 -7.50
     S.P. ORB#: 24 -1.50
     S.P. ORB#: 25  0.50
     S.P. ORB#: 26 -3.50
     S.P. ORB#: 27  2.50
     S.P. ORB#: 28  6.50
 

             ENERGY    K= OMEGA
 
 I=  1/2- (1)  2.508  16: 1.000
 
 I=  1/2- (2)  2.854  20: 0.888
                      25: 0.460
 
 I=  1/2- (3)  4.083  20: 0.460
                      25:-0.888
 
 I=  1/2- (4) 88.056  19:-1.000
 
 I=  1/2- (5) 89.499  24: 1.000

             ENERGY    K= OMEGA
 
 I=  3/2- (1)  1.941  19: 0.546
                      20: 0.835
                      24:-0.053
 
 I=  3/2- (2)  2.842  16: 1.000
 
 I=  3/2- (3)  2.917  19:-0.678
                      20: 0.470
                      24: 0.541
                      25: 0.163
 
 I=  3/2- (4)  3.813  19:-0.485
                      20: 0.265
                      24:-0.833
 
 I=  3/2- (5)  4.459  19:-0.078
                      20: 0.110
                      24: 0.104
                      25:-0.985

             ENERGY    K= OMEGA
 
 I=  5/2- (1)  2.278  18:-0.517
                      19: 0.771
                      20:-0.354
                      22:-0.051
                      24:-0.083
                      25:-0.052
 
 I=  5/2- (2)  2.643  18:-0.304
                      19:-0.116
                      22: 0.912
                      24: 0.242
 
 I=  5/2- (3)  3.010  16: 1.000
 
 I=  5/2- (4)  3.384  18:-0.342
                      20: 0.535
                      24:-0.449
                      25: 0.619
                      27:-0.111
 
 I=  5/2- (5)  3.647  18:-0.649
                      19:-0.335
                      20: 0.169
                      22:-0.401
                      24: 0.513
                      25:-0.110

             ENERGY    K= OMEGA
 
 I=  7/2- (1)  1.500  15:-0.080
                      18:-0.305
                      19:-0.582
                      20:-0.744
                      21:-0.072
 
 I=  7/2- (2)  1.852  15: 0.165
                      20: 0.055
                      21:-0.967
                      22: 0.112
                      27: 0.128
 
 I=  7/2- (3)  2.908  15:-0.349
                      18:-0.565
                      20: 0.254
                      22: 0.632
                      24:-0.183
                      26:-0.236
 
 I=  7/2- (4)  3.032  15: 0.299
                      18: 0.436
                      19: 0.241
                      20:-0.442
                      21: 0.104
                      22: 0.583
                      24:-0.260
                      25:-0.057
                      26:-0.212
 
 I=  7/2- (5)  3.790  16: 1.000

             ENERGY    K= OMEGA
 
 I=  9/2- (1)  2.133  14:-0.133
                      15:-0.105
                      17:-0.668
                      18:-0.090
                      19: 0.053
                      21: 0.687
                      22: 0.122
                      24: 0.060
                      26: 0.082
                      27: 0.129
 
 I=  9/2- (2)  2.282  14: 0.067
                      15:-0.296
                      17:-0.307
                      18: 0.583
                      19:-0.597
                      20: 0.255
                      21:-0.208
                      22: 0.066
                      26: 0.056
 
 I=  9/2- (3)  2.623  15: 0.130
                      17:-0.660
                      18:-0.164
                      19: 0.278
                      20:-0.118
                      21:-0.620
                      22:-0.141
                      24:-0.068
                      27:-0.137
 
 I=  9/2- (4)  3.396  15: 0.198
                      18:-0.217
                      19:-0.153
                      21:-0.176
                      22: 0.781
                      24: 0.318
                      25:-0.095
                      26: 0.371
 
 I=  9/2- (5)  3.959  14: 0.350
                      15:-0.604
                      17: 0.051
                      18: 0.228
                      19: 0.382
                      20:-0.415
                      21:-0.055
                      22: 0.174
                      24: 0.144
                      25:-0.286
                      26: 0.059

             ENERGY    K= OMEGA
 
 I= 11/2- (1)  1.645  15: 0.146
                      18: 0.353
                      19: 0.577
                      20: 0.709
                      21: 0.075
                      22: 0.055
                      24: 0.053
                      25:-0.055
 
 I= 11/2- (2)  2.709  14: 0.151
                      15:-0.114
                      17: 0.603
                      18: 0.051
                      21: 0.714
                      22:-0.182
                      24: 0.089
                      26: 0.123
                      27:-0.171
 
 I= 11/2- (3)  3.217  14: 0.154
                      15: 0.313
                      17:-0.640
                      18: 0.337
                      20:-0.301
                      21: 0.482
                      22:-0.058
                      24: 0.061
                      26:-0.092
                      27:-0.120
 
 I= 11/2- (4)  3.723  14: 0.183
                      15: 0.486
                      17: 0.433
                      18: 0.493
                      19: 0.107
                      20:-0.390
                      21:-0.317
                      22: 0.102
                      24:-0.086
                      27: 0.127
 
 I= 11/2- (5)  4.039  15:-0.093
                      17: 0.076
                      18:-0.114
                      19: 0.109
                      20:-0.090
                      21: 0.227
                      22: 0.781
                      24:-0.335
                      25:-0.057
                      26:-0.416

             ENERGY    K= OMEGA
 
 I= 13/2- (1)  2.912  14:-0.162
                      15: 0.362
                      17: 0.077
                      18:-0.612
                      19: 0.570
                      20:-0.239
                      21: 0.253
                      22:-0.062
                      24: 0.068
                      27: 0.071
 
 I= 13/2- (2)  3.430  14:-0.140
                      15:-0.163
                      17:-0.577
                      19:-0.111
                      21: 0.686
                      22: 0.237
                      24: 0.116
                      26: 0.164
                      27: 0.198
 
 I= 13/2- (3)  4.275  14:-0.106
                      15: 0.099
                      17: 0.751
                      18: 0.059
                      19:-0.305
                      20: 0.141
                      21: 0.469
                      22: 0.164
                      24: 0.122
                      26:-0.092
                      27: 0.170
 
 I= 13/2- (4)  4.794  15: 0.177
                      18:-0.178
                      19:-0.094
                      21:-0.328
                      22: 0.706
                      24: 0.336
                      25:-0.151
                      26: 0.424
                      27:-0.060
 
 I= 13/2- (5)  5.205  14:-0.420
                      15: 0.581
                      17:-0.206
                      18:-0.141
                      19:-0.380
                      20: 0.373
                      21:-0.088
                      22:-0.099
                      24:-0.200
                      25: 0.267
                      27:-0.108

             ENERGY     K=13/2
  35 LEVELS    TIME=  0.0 SEC



 ******************* EXCITATION ENERGIES, DOMINANT CONFIGURATION AND EXPECTATION VALUES (WITH S.P. UU+VV FACTORS) *******************

  NR  Eex(keV)  I   Kdom  NY    <Jz>  <Jx**2> <Jy**2> <Jz**2> <I.j>/|I|  <Rx**2> <Ry**2> <Rz**2> <R.j>/|R|  <HROTx> <HROTy> <HROTz>

   1    0.0   7/2-   1/2  20   -0.04   12.17   12.17    1.64    4.48       3.11    3.11   -0.00   -3.30      0.225   0.225  -0.000
   2  144.1  11/2-   1/2  20   -0.01   12.26   12.26    2.07    4.60       3.67    3.67   -0.00    0.34      0.266   0.266  -0.000
   3  351.5   7/2-  -7/2  21   -3.30    4.98    4.98   12.00    3.36       5.52    5.52    0.00   -2.60      0.400   0.400   0.000
   4  440.4   3/2-   1/2  20   -0.10   11.80   11.80    0.85    3.86       6.62    6.62   -0.00   -4.66      0.480   0.480  -0.000
   5  632.3   9/2-  -7/2  21    0.46    4.07    4.07   15.64    3.88       4.95    4.95    0.00   -1.42      0.358   0.358   0.000
  
   6  777.7   5/2-  -3/2  19   -0.16   10.94   10.94    3.08    3.18       7.45    7.45   -0.00   -4.03      0.540   0.540  -0.000
   7  781.5   9/2-  -3/2  19    0.34   10.57   10.57    6.62    4.11       5.81    5.81   -0.00   -2.15      0.421   0.421  -0.000
   8 1007.8   1/2-   1/2  16    0.50    2.37    2.37    0.25    0.60       2.35    2.35   -0.00   -2.06      0.170   0.170  -0.000
   9 1122.2   9/2-   9/2  17    0.59    4.84    4.84   14.35    3.19       8.50    8.50    0.00   -1.97      0.616   0.616   0.000
  10 1142.6   5/2-   5/2  22    2.21    4.75    4.75    5.95    2.30       5.31    5.31    0.00   -2.66      0.385   0.385   0.000
  
  11 1208.8  11/2-  -7/2  21    0.00    4.23    4.23   14.84    3.49       8.64    8.64    0.00   -0.58      0.626   0.626   0.000
  12 1342.0   3/2-   1/2  16    0.50    2.37    2.37    0.25   -0.15       4.66    4.66   -0.00   -1.73      0.338   0.338  -0.000
  13 1353.5   1/2-   1/2  20    0.50    8.92    8.92    0.25   -0.99      10.27   10.27    0.00   -4.18      0.745   0.745   0.000
  14 1407.7   7/2-   5/2  22    1.15    6.37    6.37    6.81    2.68       7.00    7.00    0.00   -2.38      0.507   0.507   0.000
  15 1411.5  13/2-   5/2  18   -0.05   11.19   11.19    6.21    4.20       9.38    9.38    0.00    0.16      0.680   0.680   0.000
  
  16 1416.7   3/2-  -3/2  19   -1.01    7.73    7.73    1.76    0.42       9.67    9.67   -0.00   -3.73      0.701   0.701  -0.000
  17 1509.9   5/2-   1/2  16    0.50    2.37    2.37    0.25    0.36       5.82    5.82   -0.00   -1.15      0.422   0.422  -0.000
  18 1531.9   7/2-   5/2  22    0.73    9.09    9.09    5.43    2.72       8.89    8.89    0.00   -3.04      0.644   0.644   0.000
  19 1716.8  11/2-   9/2  17    1.13    7.58    7.58   13.79    3.56      11.06   11.06    0.00   -1.63      0.802   0.802   0.000
  20 1883.5   5/2-   1/2  25    0.36    6.62    6.62    1.43    1.08       8.51    8.51   -0.00   -2.78      0.617   0.617  -0.000
  
  21 1895.3   9/2-   5/2  22    0.74    4.81    4.81    6.96    2.33       9.08    9.08    0.00   -1.17      0.658   0.658   0.000
  22 1930.1  13/2-  -7/2  21   -0.05    4.30    4.30   14.21    3.26      13.05   13.05    0.00   -0.02      0.946   0.946   0.000
  23 2146.6   5/2-   5/2  18    0.92    8.91    8.91    4.50    0.93      12.78   12.78   -0.00   -3.87      0.926   0.926  -0.000
  24 2222.5  11/2-   5/2  18    0.53    6.81    6.81   10.39    2.80      13.15   13.15    0.00   -1.42      0.953   0.953   0.000
  25 2289.6   7/2-   1/2  16    0.50    2.37    2.37    0.25   -0.21      11.19   11.19   -0.00   -1.23      0.811   0.811  -0.000
  
  26 2312.5   3/2-  -3/2  24   -1.36   10.14   10.14    2.11    0.53      12.04   12.04   -0.00   -4.35      0.873   0.873  -0.000
  27 2458.8   9/2-  -7/2  15   -0.65    8.82    8.82    8.03    2.71      11.75   11.75   -0.00   -2.52      0.852   0.852  -0.000
  28 2538.5  11/2-   5/2  22    0.60    5.00    5.00    7.20    2.18      13.43   13.43    0.00   -0.80      0.974   0.974   0.000
  29 2582.9   1/2-   1/2  25    0.50    9.90    9.90    0.25   -0.14      10.52   10.52    0.00   -4.40      0.763   0.763   0.000
  30 2774.4  13/2-   9/2  17    1.75    5.58    5.58   15.18    2.69      18.73   18.73    0.00   -1.23      1.358   1.358   0.000
  
  31 2959.1   3/2-   1/2  25    0.47    6.99    6.99    0.28   -0.71      10.39   10.39    0.00   -3.43      0.753   0.753   0.000
  32 3293.7  13/2-   5/2  22    0.06    4.71    4.71    7.55    2.04      18.61   18.61    0.00   -0.45      1.349   1.349   0.000
  33 3704.7  13/2-  -7/2  15   -0.29    7.61    7.61    9.39    2.48      19.36   19.36   -0.00   -1.17      1.403   1.403  -0.000
  3486555.3   1/2-  -3/2  19    0.00    0.00    0.00    0.00    0.00       0.00    0.00    0.00   -0.00      0.000   0.000   0.000
  3587998.4   1/2-  -3/2  24    0.00    0.00    0.00    0.00   -0.00       0.00    0.00    0.00   -0.00      0.000   0.000   0.000
  
